DMC, Unknown
lambda=  2.45010, T=   0.000, dT=  0.000, Date='2021-12-22 10:45:30'
   0.000   0.125 132.000     140., sample="Unknown"
  19810.  18130.  17108.  16702.  17236.  17780.  17247.  16985.  17230.  16838.
  17236.  16928.  16803.  16453.  17124.  16669.  17340.  16228.  16396.  16529.
  16866.  16794.  16619.  16627.  16486.  16572.  16379.  16459.  16436.  16451.
  16276.  16630.  16575.  16502.  16743.  16066.  16751.  16555.  16562.  16469.
  16622.  16710.  16325.  16541.  16522.  16625.  16439.  16671.  16594.  16612.
  16481.  16705.  16704.  16537.  16768.  16805.  16530.  16819.  16978.  16943.
  17525.  17331.  17685.  17943.  18339.  18420.  18473.  18770.  19030.  19027.
  18865.  19875.  20221.  21173.  21291.  21786.  21930.  21349.  21698.  21223.
  21743.  21496.  21491.  21532.  21330.  21431.  21718.  21105.  20918.  21090.
  20889.  21042.  20634.  21011.  20675.  20897.  20698.  20772.  20853.  21032.
  20551.  20668.  20880.  20936.  21269.  20613.  21315.  21173.  21192.  21332.
  21144.  21150.  21106.  21037.  20611.  21030.  24742.  18765.  20337.  20782.
  20877.  20898.  21860.  21908.  23789.  24180.  24785.  24086.  23522.  23097.
  22955.  22530.  21956.  21852.  21424.  21668.  20538.  21263.  20813.  21141.
  21036.  21115.  20848.  20477.  20934.  20805.  21304.  20983.  21603.  21104.
  21211.  21141.  20818.  20832.  20609.  20976.  20653.  20885.  20289.  20862.
  20339.  21053.  20597.  21141.  21070.  21046.  22263.  23509.  25905.  27172.
  28373.  26924.  26674.  24922.  23121.  22583.  21248.  20831.  20786.  20769.
  20137.  20344.  20126.  20442.  20162.  20355.  20185.  20392.  20334.  19978.
  20408.  20076.  20165.  19620.  20596.  19678.  19941.  20295.  19759.  19919.
  20140.  20291.  19518.  20259.  19909.  20219.  20121.  21129.  20966.  20998.
  21340.  20688.  21042.  20152.  20484.  19963.  20688.  20540.  21441.  21562.
  21501.  21578.  21075.  20905.  20063.  20112.  19494.  19803.  19254.  19410.
  19724.  19230.  19716.  23213.  18121.  18316.  19238.  18948.  19581.  18801.
  18980.  19671.  20149.  20692.  20439.  21529.  21041.  21152.  20313.  20869.
  19495.  19780.  19387.  19004.  19261.  19067.  19279.  19000.  19236.  19127.
  19237.  18378.  19384.  18894.  18770.  19224.  18830.  18981.  18696.  18881.
  19212.  19279.  18674.  19201.  19318.  19736.  20718.  21834.  22637.  23323.
  24121.  23449.  23405.  21499.  20869.  19789.  18931.  18797.  18644.  18646.
  18529.  18571.  18069.  18617.  18256.  18489.  18271.  18341.  18571.  18210.
  18510.  18199.  18552.  18094.  18484.  18117.  19014.  18930.  19548.  20314.
  20279.  20826.  20669.  20758.  20637.  19932.  18884.  18933.  18604.  17986.
  18269.  18129.  17850.  18162.  18626.  17979.  18421.  18063.  18220.  17857.
  18196.  18173.  18093.  18433.  18338.  18801.  18835.  19742.  20519.  21464.
  22562.  23752.  24405.  24159.  23952.  23146.  21958.  20777.  20276.  19396.
  20538.  21523.  17013.  20279.  18931.  19472.  20313.  20364.  20001.  20297.
  20661.  20854.  20209.  20217.  20213.  20075.  21247.  21542.  22649.  23317.
  24989.  24626.  26072.  25097.  24968.  24039.  22531.  21187.  19283.  18969.
  18128.  18478.  17422.  18055.  17526.  17784.  17616.  17700.  18066.  17922.
  17897.  17618.  18308.  18225.  19554.  21020.  24116.  26515.  29817.  32663.
  34242.  34814.  34593.  33756.  31079.  28440.  24044.  21376.  19758.  18537.
  18235.  17626.  18149.  17768.  17741.  17407.  17724.  17222.  17378.  17108.
  17304.  17138.  17209.  17155.  16958.  17638.  17125.  17901.  17579.  17880.
  17612.  18086.  18133.  17626.  17687.  17473.  17809.  17171.  18077.  16979.
  17169.  17281.  17363.  17690.  17339.  17398.  17057.  17744.  17600.  19000.
  19807.  22118.  23643.  25655.  27820.  29380.  31105.  30400.  31007.  29388.
  29308.  25388.  23466.  21193.  19197.  17492.  16693.  16659.  18172.  10648.
  17578.  19146.  17389.  16888.  16840.  16804.  17465.  17397.  18473.  18791.
  21129.  21451.  23272.  23827.  26037.  25654.  25839.  25973.  25250.  24877.
  22260.  22159.  19848.  19487.  17293.  17013.  16742.  16653.  16832.  16031.
  17178.  17011.  17868.  18197.  19776.  20412.  23018.  24214.  25490.  26830.
  26863.  27864.  27052.  26821.  25771.  25664.  22824.  21349.  19425.  18345.
  17588.  17006.  16616.  16258.  16069.  16184.  17011.  15842.  17214.  17344.
  18510.  19166.  20311.  21690.  21694.  23404.  23622.  24518.  23670.  25200.
  23961.  23260.  22161.  21038.  20387.  18794.  18166.  16405.  17848.  16503.
  16371.  16266.  16530.  16633.  16460.  16819.  16493.  16643.  16409.  18160.
  16569.  17950.  17004.  17372.  17320.  17614.  17940.  17164.  17715.  17329.
  18006.  16681.  17667.  17000.  17418.  16768.  17128.  17400.  16940.  17632.
  17301.  17861.  16798.  18782.  17863.  24179.  21250.  11014.  19565.  18932.
  19495.  19201.  19914.  18415.  20174.  18774.  19069.  18524.  18161.  18462.
  17233.  18697.  17403.  18559.  16922.  19201.  18108.  19360.  19367.  20469.
  21789.  21884.  24230.  22944.  25528.  23292.  26862.  24785.  26763.  25918.
  25773.  26282.  24642.  24023.  22658.  23370.  20368.  22226.  19558.  20192.
  19394.  19075.  19887.  18614.  19665.  18599.  19013.  18176.  19231.  18395.
  18892.  18834.  18854.  19601.  17559.  19432.  17661.  20880.  17745.  19753.
  18481.  18790.  19142.  19118.  19631.  18251.  19669.  18248.  20108.  18318.
  20371.  18765.  19688.  19913.  19578.  21287.  20193.  21748.  19872.  23038.
  19891.  23331.  19898.  22556.  21592.  20755.  23227.  19632.  23065.  19882.
  21790.  19514.  21438.  20910.  19956.  20251.  19935.  21247.  18821.  21953.
  19249.  21664.  19768.  22040.  20285.  21782.  21773.  20565.  22608.  20171.
  22344.  20625.  22599.  30188.   3085.  27188.  21351.  21199.  19333.  22035.
  19241.  21536.  19126.  21431.  18834.  21973.  19296.  21167.  22895.  20582.
  23414.  20610.  23577.  20653.  23916.  21745.  23535.  22403.  22456.  24221.
  21371.  24042.  20373.  24194.  20580.  23898.  20362.  22308.  20459.  21184.
  22086.  19505.  21547.  20197.  20931.  19636.  22874.  20013.  21306.  20624.
  21026.  23022.  20217.  21756.  20625.  22365.  20565.  21944.  20376.  21943.
  21287.  20327.  22409.  20021.  22690.  20487.  21558.  20077.  22017.  20569.
  21596.  21370.  21488.  22846.  21196.  23536.  20902.  23868.  22087.  23741.
  22420.  23891.  23338.  23527.  24073.  22238.  24733.  22558.  25657.  22008.
  25126.  22538.  23388.  23742.  22938.  24701.  21366.  24435.  22224.  24469.
  22707.  23639.  22717.  24326.  23308.  23468.  24514.  22403.  25367.  22276.
  24877.  23272.  24492.  24129.  24175.  23984.  23709.  25302.  23002.  24393.
  30938.   7332.  29232.  24085.  23148.  22918.  23432.  23252.  23268.  22240.
  23590.  22422.  23742.  22668.  24486.  23351.  24631.  24492.  23845.  25036.
  23922.  25866.  24367.  25607.  24924.  25970.  24845.  25358.  25778.  25028.
  25924.  24101.  26184.  24210.  25170.  24108.  24703.  23949.  23729.  23395.
  23179.  24154.  22623.  23757.  22601.  23836.  23038.  23563.  22952.  23301.
  23526.  23773.  23763.  23797.  24221.  23591.  25051.  24696.  24306.  24011.
  24741.  24724.  24740.  25316.  23999.  25046.  23813.  24954.  24021.  24407.
  23616.  23969.  24035.  23580.  23818.  23285.  24170.  23945.  21266.  22195.
  23428.  22325.  22331.  22322.  22439.  22408.  21387.  22770.  21213.  22542.
  22074.  22628.  21365.  22290.  21804.  21866.  22085.  21882.  22511.  21456.
  22037.  21602.  21914.  21437.  21988.  21586.  21710.  22116.  21708.  22271.
  21029.  22380.  21257.  21685.  21816.  22050.  24419.  24455.  18556.  24140.
  13593.  18522.  24822.  21844.  22086.  21901.  22221.  21847.  22008.  21775.
  21876.  22827.  21724.  22444.  21588.  22939.  22274.  22745.  21943.  22686.
  22591.  22795.  23340.  22022.  23616.  22726.  23352.  23216.  24622.  24043.
  24800.  24060.  24370.  25458.  24981.  25821.  25203.  25969.  25693.  26109.
  26127.  26578.  27104.  26959.  27862.  26928.  27919.  27422.  28178.  27838.
  28377.  27697.  28547.  28864.  28029.  28349.  26765.  29015.  27408.  28518.
  27252.  27431.  26864.  27475.  27065.  26820.  27581.  26111.  26665.  25441.
  26179.  24701.  25836.  25280.  24827.  24662.  24327.  24618.  23778.  24307.
  23252.  23954.  23036.  23570.  22874.  22843.  22808.  22527.  23287.  21916.
  23299.  21987.  22786.  22373.  22480.  22165.  22382.  22552.  22181.  22727.
  21864.  22851.  22113.  22378.  21911.  22570.  21945.  21893.  21528.  21478.
  21329.  20533.  21529.  20553.  20853.  21661.   5600.                        
  1177.6   796.6   489.4   483.6   366.1   371.9   304.7   291.4   293.5   242.8
   258.9   222.2   236.7   206.5   223.5   194.0   208.2   180.2   181.1   176.8
   171.8   175.9   162.6   166.5   156.7   155.5   154.5   148.9   143.3   142.1
   141.4   138.1   139.1   134.3   135.3   131.5   127.6   130.5   122.7   127.4
   118.4   124.1   118.1   121.8   116.6   113.7   115.7   112.0   115.5   109.5
   110.8   107.6   109.2   105.0   107.3   103.9   104.5   103.9   108.5   111.1
   115.5   114.2   118.6   118.1   122.2   121.7   121.9   128.2   125.2   129.0
   126.1   134.4   131.4   131.3   140.0   132.4   147.0   133.4   143.3   135.4
   139.7   140.7   139.8   141.8   134.9   141.4   138.7   140.4   137.9   139.4
   140.6   141.1   137.9   141.0   138.9   136.9   140.9   134.8   144.4   136.5
   143.4   138.9   142.5   138.0   145.8   138.7   141.0   141.5   138.8   147.1
   137.8   145.4   141.3   144.0   137.8   146.1   153.0   131.5   137.8   141.2
   143.5   140.6   147.9   144.0   156.5   149.2   159.7   149.9   149.2   145.9
   150.4   147.0   147.1   144.8   145.3   145.1   142.3   145.8   142.3   142.4
   140.1   145.3   139.5   143.1   141.7   144.2   143.9   144.9   147.0   144.2
   138.9   145.4   139.4   144.3   141.6   144.8   140.7   145.6   141.4   144.4
   142.6   140.2   142.5   140.5   145.2   144.0   148.2   151.2   162.1   163.7
   169.7   162.9   161.0   151.5   153.2   146.2   146.8   142.3   144.2   143.1
   142.9   141.6   142.9   140.0   140.0   139.7   140.1   141.8   142.6   141.3
   141.8   143.8   140.0   140.1   144.6   135.5   138.3   142.5   140.6   140.1
   140.9   143.5   138.7   142.3   141.1   144.3   137.0   141.4   145.8   142.9
   147.1   142.8   144.0   143.0   144.2   141.3   143.8   139.4   144.4   142.8
   149.9   144.8   144.1   145.6   141.6   143.9   139.6   140.7   135.0   137.4
   138.5   138.7   141.4   151.3   133.7   137.3   138.7   137.7   140.9   133.4
   135.8   138.3   141.9   143.8   143.0   146.7   145.1   146.5   143.6   145.5
   136.7   136.8   138.3   137.9   136.8   139.1   139.9   136.9   141.8   138.3
   139.7   131.9   138.2   135.5   136.0   138.7   137.2   137.8   137.7   137.4
   140.6   139.9   134.7   133.9   140.0   139.5   142.9   148.8   150.5   151.6
   158.7   154.2   154.1   145.6   140.5   136.8   138.6   136.1   136.5   136.6
   138.1   137.3   135.4   138.4   135.1   130.5   133.3   134.5   136.3   134.9
   136.1   135.9   137.2   137.5   136.0   135.6   131.5   136.6   139.8   141.5
   143.4   144.3   143.8   145.1   143.7   145.4   138.4   132.9   133.6   133.2
   135.2   134.6   134.6   133.8   137.5   136.0   136.7   136.4   131.3   131.8
   133.0   133.9   134.5   136.7   136.4   138.1   138.2   142.6   144.3   142.5
   147.1   153.0   156.2   154.3   155.9   153.2   149.3   145.2   143.4   142.4
   138.5   143.7   128.6   143.4   138.6   139.5   143.6   143.7   142.4   143.5
   144.8   141.4   139.2   141.2   141.2   142.7   145.8   147.8   151.6   154.9
   158.1   159.2   161.5   152.0   158.0   152.9   151.2   145.6   138.9   137.7
   136.6   137.9   133.9   135.3   127.1   131.5   131.8   133.0   133.5   134.8
   135.7   134.7   137.3   136.0   142.9   137.3   153.1   161.7   170.3   183.4
   186.4   187.9   188.7   186.4   178.9   171.1   147.8   144.2   137.6   137.1
   135.0   134.7   135.7   135.2   134.2   132.9   135.1   125.1   130.0   129.9
   132.5   130.9   133.1   130.1   132.1   133.8   132.8   135.7   128.1   130.9
   131.8   135.5   133.7   133.7   134.0   134.1   134.4   132.9   137.4   125.1
   128.3   130.5   131.8   133.0   132.6   131.0   132.5   135.2   135.6   139.9
   136.9   144.6   152.7   159.0   166.8   171.4   177.6   176.9   178.7   173.9
   175.0   157.1   147.0   144.6   136.6   132.3   129.2   131.0   136.8   105.5
   133.5   141.4   130.9   123.9   128.0   128.7   132.2   132.8   137.9   138.1
   147.5   149.7   153.7   157.8   150.0   157.9   160.7   161.2   160.0   158.9
   152.5   149.9   142.9   142.7   132.5   122.0   127.6   129.0   129.7   128.5
   132.0   131.4   134.6   137.9   142.7   143.9   143.7   153.4   158.5   165.0
   163.9   168.1   166.9   165.0   162.9   161.4   155.6   139.3   136.5   134.5
   132.6   131.3   128.9   128.4   128.6   128.1   133.3   129.6   125.9   127.2
   135.1   138.4   142.5   148.3   147.3   155.2   157.1   160.0   158.4   152.4
   149.5   151.4   146.8   145.0   143.8   137.1   137.8   131.9   136.6   131.3
   124.4   122.4   126.8   128.1   127.4   129.7   130.3   131.9   130.9   137.7
   132.6   131.2   123.5   129.1   130.7   131.8   135.9   132.9   136.0   134.6
   137.2   132.0   132.9   121.2   129.2   127.7   131.8   133.8   132.1   135.7
   133.5   136.6   132.5   140.1   122.0   152.3   144.7   105.7   141.9   139.6
   141.7   140.6   144.2   138.7   145.2   125.8   134.3   136.1   135.7   136.9
   133.2   138.7   133.8   139.2   132.0   141.6   125.1   136.3   138.2   144.1
   148.7   149.0   157.9   153.7   162.1   156.0   168.8   148.2   159.1   158.7
   160.5   163.3   158.1   156.1   152.7   155.1   147.0   155.9   131.6   137.3
   137.3   137.1   142.0   136.4   142.3   137.4   140.9   141.0   145.0   129.3
   130.2   135.3   135.4   140.0   132.5   140.4   134.8   151.1   139.3   147.0
   130.5   128.2   135.5   136.3   139.1   134.1   141.3   141.3   148.3   141.5
   149.3   134.1   128.1   136.3   137.0   143.9   141.1   154.2   147.4   158.7
   147.5   159.7   147.5   129.6   140.1   139.2   149.2   145.4   158.8   147.5
   154.4   146.1   153.1   151.2   120.6   133.1   134.6   149.0   143.5   155.0
   145.1   153.9   147.0   155.3   149.0   123.5   133.9   142.4   157.2   148.5
   156.3   150.2   157.2   181.7    58.1   172.4   117.1   133.7   145.4   155.2
   145.1   153.5   144.6   153.1   143.5   155.0   145.3   107.6   158.2   150.0
   160.0   150.1   160.6   150.3   161.7   154.2   160.4   149.7   113.5   162.8
   152.9   162.2   149.3   162.7   150.0   161.7   149.2   156.2   127.6   119.4
   155.4   146.1   153.5   148.6   151.3   146.6   158.2   148.0   140.1   132.7
   122.6   158.7   148.7   154.3   150.2   156.4   150.0   154.9   141.7   143.1
   137.3   122.4   156.6   148.0   157.5   149.7   153.6   148.2   150.5   140.4
   143.9   139.4   131.5   151.1   152.3   160.4   151.2   161.6   151.9   154.1
   147.6   152.4   147.6   141.7   150.9   156.0   164.5   157.1   165.0   149.4
   158.5   149.1   150.8   150.9   143.5   149.9   152.9   163.5   154.7   157.6
   151.8   154.9   150.7   154.9   149.5   147.0   148.3   156.5   166.6   151.4
   158.9   153.7   157.6   156.5   154.4   153.8   148.8   149.7   158.6   158.5
   178.5    86.9   173.5   156.3   153.2   151.4   152.0   149.3   142.7   152.4
   157.0   151.9   156.3   152.8   158.8   153.9   156.9   156.5   151.2   146.2
   156.9   164.4   159.6   162.4   160.2   163.5   159.9   160.4   159.4   154.9
   147.0   158.7   165.4   159.0   161.0   158.7   159.5   157.0   155.2   150.8
   149.1   141.9   153.7   157.5   153.7   157.8   154.0   156.9   153.7   152.6
   151.2   151.0   145.1   152.1   159.1   158.2   160.6   160.6   159.4   156.1
   156.2   156.1   154.0   151.7   151.7   161.8   157.7   161.5   158.4   158.5
   153.7   154.8   152.9   152.5   149.1   146.4   160.1   158.2   149.1   151.2
   154.2   149.4   150.5   148.3   147.7   145.6   140.4   154.2   150.0   152.3
   149.6   151.5   147.2   149.3   147.7   146.8   145.5   140.1   154.5   149.7
   149.5   148.0   150.2   147.5   149.4   146.9   146.3   144.6   140.5   152.5
   147.1   151.8   147.9   148.3   148.8   148.5   157.4   155.3   134.3   146.3
   118.3   139.1   158.7   150.0   150.8   149.1   150.1   147.8   148.4   144.5
   138.4   154.4   149.5   152.0   149.1   152.5   151.4   153.0   148.1   149.6
   147.2   143.0   152.8   151.7   155.9   153.0   155.0   153.5   159.2   154.0
   156.4   152.9   148.8   158.4   160.4   164.2   161.1   163.5   162.6   160.4
   162.8   161.9   161.2   159.7   162.3   167.7   170.8   168.0   170.3   166.8
   169.7   167.6   166.6   168.7   163.9   162.7   167.2   172.8   168.0   168.9
   167.5   164.5   165.1   165.8   163.4   160.4   160.4   165.2   164.5   161.8
   161.8   159.5   160.7   160.1   157.6   155.9   153.8   150.6   154.2   159.4
   154.7   154.8   154.0   154.6   152.3   150.1   151.0   147.0   146.5   149.1
   154.9   150.4   152.0   151.8   149.9   150.0   150.7   148.1   146.9   142.8
   150.0   153.4   150.9   150.7   149.1   152.4   148.1   148.0   144.7   145.5
   137.5   146.5   148.9   145.5   156.0   183.6   125.2     nan     nan     nan
 Filelist='dmc:2022:579'
 a4=0.0. 132.0.; Counts=3085 34814; Numor=579; Npkt=1057; owner=''
  a1=21.43; a2=42.85; a3=6.00; mcv=18.20; mtx=0.00; mty=0.00; mgu=0.438; mgl=0.000; 
  time=298.7000 298.7000; sMon=   0.    0.; bMon=  0.   0.; aMon=0
  pMon=      1.       1.; muR=0.; Preset='timer'
  calibration='Mockup'
