XAL5030-332;	50;	12.881867056164772;	0.32908655728321967;	25.229752066115697
XAL5030-332;	100;	25.763734112329537;	0.32908655728322006;	25.229752066115697
XAL5030-332;	150;	38.6456011684943;	0.3290865572832203;	25.2297520661157
XAL5030-332;	200;	51.527468224659074;	0.32908655728322006;	25.229752066115697
XAL5030-332;	250;	64.40933528082385;	0.32908655728321967;	25.22975206611569
XAL5030-332;	300;	77.29120233698862;	0.3290865572832197;	25.229752066115687
XAL5030-332;	350;	90.1730693931534;	0.32908655728321984;	25.229752066115694
XAL5030-332;	400;	103.05493644931815;	0.32908655728321995;	25.229752066115697
XAL5030-332;	450;	115.93680350548296;	0.32908655728321967;	25.229752066115676
XAL5030-332;	500;	128.8186705616477;	0.3290865572832198;	25.229752066115694
XAL5030-332;	550;	126.86466579133214;	0.4314630359191879;	26.759931716445735
XAL5030-332;	600;	125.65539406541791;	0.5219120812375215;	27.78041198856258
XAL5030-332;	650;	125.10704063798798;	0.6016851807464502;	28.363932087846532
XAL5030-332;	700;	125.11847829775238;	0.672142794695521;	28.58501602395744
XAL5030-332;	750;	125.59494470369565;	0.7345696991983676;	28.50903625150755
XAL5030-332;	800;	126.45535705628942;	0.7901048477671729;	28.18994421175553
XAL5030-332;	850;	127.6329615213626;	0.8397272623113585;	27.671167915439124
XAL5030-332;	900;	129.07368408764214;	0.8842659686317359;	26.987360970813068
XAL5030-332;	950;	130.73392999065476;	0.9244185837470229;	26.166174560408905
XAL5030-332;	1000;	132.5785337716389;	0.9607711608618197;	25.22975206611569
XAL5030-332;	1050;	140.00241427867263;	0.9910711535363881;	25.43160406590986
XAL5030-332;	1100;	147.5137612586062;	1.0169928809076993;	25.583339347893112
XAL5030-332;	1150;	155.09427839630226;	1.0394139680818848;	25.69544480512867
XAL5030-332;	1200;	162.73037345933344;	1.058993976122474;	25.775701604418174
XAL5030-332;	1250;	170.41175776934168;	1.076237646639335;	25.829995770311324
XAL5030-332;	1300;	178.1305107272394;	1.0915375159117062;	25.862857579865736
XAL5030-332;	1350;	185.88044213725016;	1.1052032777991665;	25.87782745544323
XAL5030-332;	1400;	193.6566477767057;	1.1174824376503854;	25.87771091371828
XAL5030-332;	1450;	201.45519407768356;	1.1285751106202264;	25.864758983324517
XAL5030-332;	1500;	209.2728909003868;	1.1386448026352165;	25.840798056784195
XAL5030-332;	1550;	217.10712514976518;	1.147826386562314;	25.807324526044443
XAL5030-332;	1600;	224.95573598714572;	1.1562320906560732;	25.765576651274774
XAL5030-332;	1650;	232.81692194376612;	1.16395604480526;	25.716587103912
XAL5030-332;	1700;	240.68916912007953;	1.1710777798057403;	25.661224361856153
XAL5030-332;	1750;	248.57119650275396;	1.1776649446298424;	25.600223565961393
XAL5030-332;	1800;	256.4619129404578;	1.1837754411047416;	25.53421117076604
XAL5030-332;	1850;	264.3603832387267;	1.1894591153686622;	25.463724429611222
XAL5030-332;	1900;	272.2658013659266;	1.194759109165744;	25.38922666414568
XAL5030-332;	1950;	280.1774691100589;	1.1997129481188582;	25.311119239547335
