XAL5050-822;	50;	16.544789489394034;	0.8872520656886003;	37.785123966942145
XAL5050-822;	100;	33.08957897878807;	0.8872520656886003;	37.785123966942145
XAL5050-822;	150;	49.63436846818211;	0.8872520656886002;	37.78512396694215
XAL5050-822;	200;	66.17915795757615;	0.8872520656886;	37.78512396694214
XAL5050-822;	250;	82.7239474469702;	0.8872520656885998;	37.78512396694213
XAL5050-822;	300;	99.26874088094945;	0.8872520656885997;	37.785123966942145
XAL5050-822;	350;	112.7401604774655;	0.8899452657098172;	37.78551143004628
XAL5050-822;	400;	126.21211011919513;	0.8920545450344544;	37.785584464683446
XAL5050-822;	450;	139.68443177256097;	0.8937512282927407;	37.785435498435014
XAL5050-822;	500;	153.15702586487953;	0.8951455895432103;	37.785123966942145
XAL5050-822;	550;	165.57160863449693;	0.9679826833701503;	38.483390001582656
XAL5050-822;	600;	178.52159830666898;	1.023819689571413;	38.873171576039205
XAL5050-822;	650;	191.83188092797377;	1.0679190301093926;	39.05547856637582
XAL5050-822;	700;	205.39493089255706;	1.1035978043242523;	39.092122722545746
XAL5050-822;	750;	219.14160364889796;	1.133041093389205;	39.02281291868618
XAL5050-822;	800;	233.0256195997184;	1.1577430509893432;	38.87413248954801
XAL5050-822;	850;	247.01492063962706;	1.1787582891213768;	38.66451176749053
XAL5050-822;	900;	261.08663916179677;	1.1968516110754313;	38.407112539994614
XAL5050-822;	950;	275.22404521329474;	1.2125907447432878;	38.11157646540637
XAL5050-822;	1000;	289.4146274488155;	1.2264057544668598;	37.785123966942145
XAL5050-822;	1050;	313.7889398896777;	1.2342714134257773;	37.81510106727815
XAL5050-822;	1100;	338.17690493448487;	1.2409153405606572;	37.83746544764549
XAL5050-822;	1150;	362.57553578771916;	1.2466015753886854;	37.85387845697825
XAL5050-822;	1200;	386.9826571420495;	1.2515232077182572;	37.8655510949768
XAL5050-822;	1250;	411.39664741010154;	1.2558247018111055;	37.87338659719341
XAL5050-822;	1300;	435.8162729466206;	1.259616293276514;	37.878072685931535
XAL5050-822;	1350;	460.2405787725489;	1.262983557209047;	37.8801419641158
XAL5050-822;	1400;	484.66881412338427;	1.2659939376080824;	37.88001330850398
XAL5050-822;	1450;	509.10038052197075;	1.2687013071116584;	37.878020887307585
XAL5050-822;	1500;	533.5347951861863;	1.2711492163320903;	37.87443429416632
XAL5050-822;	1550;	557.9716642544827;	1.273373252830984;	37.86947362146813
XAL5050-822;	1600;	582.4106633368677;	1.2754027811683528;	37.86332011790364
XAL5050-822;	1650;	606.851522711528;	1.2772622462023722;	37.856124616877835
XAL5050-822;	1700;	631.2940163849826;	1.2789721617013212;	37.84801349204976
XAL5050-822;	1750;	655.7379535373125;	1.2805498700078604;	37.83909347202982
XAL5050-822;	1800;	680.1831719019333;	1.2820101320922024;	37.82945539089854
XAL5050-822;	1850;	704.6295327271283;	1.283365590442602;	37.81917683261182
XAL5050-822;	1900;	729.0769164978839;	1.2846271361217738;	37.80832477135093
XAL5050-822;	1950;	753.5252198839245;	1.2858042016874005;	37.79695701987778
