XAL5050-682;	50;	15.171325912445806;	1.0341856157167306;	31.834710743801654
XAL5050-682;	100;	30.342651824891615;	1.0341856157167304;	31.834710743801654
XAL5050-682;	150;	45.51397773733743;	1.0341856157167304;	31.834710743801658
XAL5050-682;	200;	60.685303649783236;	1.0341856157167304;	31.83471074380166
XAL5050-682;	250;	75.85662956222907;	1.03418561571673;	31.834710743801647
XAL5050-682;	300;	91.02795909180082;	1.0341856157167302;	31.83471074380166
XAL5050-682;	350;	104.68395951329256;	1.0403970172351904;	31.836494425028967
XAL5050-682;	400;	118.34251509047597;	1.045128229004363;	31.836804332760092
XAL5050-682;	450;	132.00280406755147;	1.0488519796864761;	31.836113082588636
XAL5050-682;	500;	145.66432412962806;	1.0518590780016501;	31.83471074380167
XAL5050-682;	550;	161.69438641248365;	1.0668870622267597;	31.868927414996545
XAL5050-682;	600;	177.74851985573576;	1.078908537289912;	31.88936860380206
XAL5050-682;	650;	193.82006900186346;	1.0887430523474106;	31.89983942287759
XAL5050-682;	700;	209.90462213205836;	1.0969372805712971;	31.90286291760713
XAL5050-682;	750;	225.99914017762478;	1.1038698011794694;	31.900177657560295
XAL5050-682;	800;	242.10146180641863;	1.109811065913167;	31.893020511981586
XAL5050-682;	850;	258.21000817952824;	1.1149594141625025;	31.88229523665948
XAL5050-682;	900;	274.32359918034587;	1.119463597578777;	31.868677567413034
XAL5050-682;	950;	290.4413351144275;	1.1234373607186774;	31.852682801361592
XAL5050-682;	1000;	306.5625181164886;	1.1269691642583406;	31.834710743801725
XAL5050-682;	1050;	329.75944582988086;	1.1320703557827771;	31.849313043669795
XAL5050-682;	1100;	352.9625016856463;	1.1364633431423035;	31.86044275848867
XAL5050-682;	1150;	376.17048261045795;	1.1402860033170832;	31.868780910649843
XAL5050-682;	1200;	399.3824809914475;	1.1436426109916293;	31.874841419243122
XAL5050-682;	1250;	422.59779923836356;	1.146613485549394;	31.879019389748144
XAL5050-682;	1300;	445.8158924523087;	1.149261495371178;	31.881623480454884
XAL5050-682;	1350;	469.0363286639921;	1.151636552815183;	31.882898498420264
XAL5050-682;	1400;	492.25876117742513;	1.1537787874672323;	31.883040927482647
XAL5050-682;	1450;	515.4829084825262;	1.1557208307790037;	31.882210314620604
XAL5050-682;	1500;	538.708539547449;	1.1574894891143457;	31.880537694511215
XAL5050-682;	1550;	561.9354631046497;	1.1591069877259295;	31.878131498232452
XAL5050-682;	1600;	585.1635194201101;	1.1605919092449655;	31.875082291539847
XAL5050-682;	1650;	608.392573964405;	1.1619599106377088;	31.87146641841645
XAL5050-682;	1700;	631.6225127546575;	1.163224276952965;	31.867348515042217
XAL5050-682;	1750;	654.8532385043083;	1.1643963541658018;	31.862783776818773
XAL5050-682;	1800;	678.0846677034687;	1.165485890441665;	31.857819582640733
XAL5050-682;	1850;	701.3167282173303;	1.1665013078813808;	31.8524968818741
XAL5050-682;	1900;	724.5493574980989;	1.167449920466149;	31.846851159620755
XAL5050-682;	1950;	747.7825009535187;	1.16833811061291;	31.840913402524755
