XAL5020-122;	50;	2.600404612615688;	1.1124547675723402;	21.18347107438016
XAL5020-122;	100;	5.200809225231377;	1.1124547675723402;	21.18347107438016
XAL5020-122;	150;	7.801213837847067;	1.11245476757234;	21.18347107438016
XAL5020-122;	200;	10.401618450462752;	1.1124547675723402;	21.18347107438016
XAL5020-122;	250;	13.002023063078445;	1.1124547675723397;	21.18347107438016
XAL5020-122;	300;	15.60242767569414;	1.1124547675723393;	21.183471074380158
XAL5020-122;	350;	18.202832288309832;	1.1124547675723395;	21.183471074380154
XAL5020-122;	400;	20.803236900925512;	1.11245476757234;	21.18347107438016
XAL5020-122;	450;	23.403641513541192;	1.1124547675723402;	21.183471074380165
XAL5020-122;	500;	26.00404612615687;	1.1124547675723406;	21.183471074380176
XAL5020-122;	550;	28.604450738772567;	1.1124547675723404;	21.18347107438017
XAL5020-122;	600;	31.204855351388275;	1.1124547675723397;	21.183471074380158
XAL5020-122;	650;	33.805259964003966;	1.11245476757234;	21.18347107438016
XAL5020-122;	700;	36.40566457661965;	1.1124547675723397;	21.183471074380158
XAL5020-122;	750;	39.00606918923533;	1.11245476757234;	21.18347107438016
XAL5020-122;	800;	41.60647380185103;	1.1124547675723397;	21.183471074380154
XAL5020-122;	850;	44.2068784144667;	1.1124547675723402;	21.18347107438016
XAL5020-122;	900;	46.80728302708237;	1.1124547675723409;	21.183471074380176
XAL5020-122;	950;	49.40768763969807;	1.1124547675723404;	21.18347107438017
XAL5020-122;	1000;	52.008092252313766;	1.1124547675723402;	21.183471074380165
XAL5020-122;	1050;	54.91928548454019;	1.1240404424290635;	21.197184224754402
XAL5020-122;	1100;	57.83581490393471;	1.1342576539505815;	21.207886020474803
XAL5020-122;	1150;	60.75676805256721;	1.143334932956712;	21.2160899615728
XAL5020-122;	1200;	63.6814286916348;	1.151452688340696;	21.2221993415011
XAL5020-122;	1250;	66.60922691373878;	1.158755220683522;	21.226535207076342
XAL5020-122;	1300;	69.53970365373499;	1.1653593137395968;	21.22935630505042
XAL5020-122;	1350;	72.47248506015549;	1.1713604869637073;	21.230873452953098
XAL5020-122;	1400;	75.40726363425824;	1.176837619414962;	21.231260133520163
XAL5020-122;	1450;	78.34378416106824;	1.1818564185857363;	21.230660399059445
XAL5020-122;	1500;	81.28183306653006;	1.1864720570752438;	21.229194852458736
XAL5020-122;	1550;	84.22123026847055;	1.1907312008264868;	21.226965227132137
XAL5020-122;	1600;	87.16182286234911;	1.1946735865529048;	21.224057943858607
XAL5020-122;	1650;	90.10348022886495;	1.1983332605060586;	21.220546838055007
XAL5020-122;	1700;	93.04609004542809;	1.2017395619971991;	21.216495445049976
XAL5020-122;	1750;	95.98955525035664;	1.2049179085687398;	21.21195868675215
XAL5020-122;	1800;	98.93379153265421;	1.2078904298089006;	21.20698427440468
XAL5020-122;	1850;	101.87872529140883;	1.2106764821997575;	21.201613879253742
XAL5020-122;	1900;	104.82429199753693;	1.2132930700116373;	21.195884046679566
XAL5020-122;	1950;	107.77043483904774;	1.2157551919094711;	21.18982695908577
