XAL5050-562;	50;	10.532480797174175;	0.9723413490017199;	27.90743801652892
XAL5050-562;	100;	21.06496159434834;	0.9723413490017202;	27.90743801652892
XAL5050-562;	150;	31.597442391522517;	0.9723413490017202;	27.90743801652892
XAL5050-562;	200;	42.129923188696694;	0.97234134900172;	27.907438016528918
XAL5050-562;	250;	52.662403985870846;	0.9723413490017202;	27.907438016528925
XAL5050-562;	300;	63.19488478304503;	0.9723413490017198;	27.907438016528918
XAL5050-562;	350;	73.72736558021921;	0.97234134900172;	27.907438016528914
XAL5050-562;	400;	84.25984637739339;	0.97234134900172;	27.90743801652891
XAL5050-562;	450;	94.79232717456753;	0.9723413490017202;	27.907438016528918
XAL5050-562;	500;	105.32480797174173;	0.9723413490017199;	27.907438016528904
XAL5050-562;	550;	114.32034209579922;	1.00746335984247;	28.040014333759853
XAL5050-562;	600;	123.40804329815279;	1.0358034811059051;	28.119566383955267
XAL5050-562;	650;	132.56283782239365;	1.0591441724134236;	28.160513266923807
XAL5050-562;	700;	141.76792565362982;	1.078696191445083;	28.172509114129266
XAL5050-562;	750;	151.01165078241388;	1.0953098872961533;	28.162250983921332
XAL5050-562;	800;	160.2856830889636;	1.109599583153166;	28.134525907919667
XAL5050-562;	850;	169.58391656805023;	1.1220199301641856;	28.092843994584502
XAL5050-562;	900;	178.90177629463594;	1.132914498956579;	28.03983646150645
XAL5050-562;	950;	188.23576848698812;	1.1425476827100152;	27.9775137516726
XAL5050-562;	1000;	197.58317988265358;	1.15112622328807;	27.907438016528936
XAL5050-562;	1050;	212.15251894158277;	1.160423809036371;	27.937730144608597
XAL5050-562;	1100;	226.73486867676755;	1.16840131829508;	27.960702482392573
XAL5050-562;	1150;	241.32760367900883;	1.1753210733961317;	27.977828745292612
XAL5050-562;	1200;	255.92875971651677;	1.181380250681884;	27.99021217247622
XAL5050-562;	1250;	270.5368379527094;	1.1867299114304655;	27.998695121581893
XAL5050-562;	1300;	285.1506750784973;	1.1914877318319042;	28.00393171895826
XAL5050-562;	1350;	299.76935449585454;	1.1957467390162861;	28.00643752846564
XAL5050-562;	1400;	314.3921440947091;	1.1995814418092907;	28.00662464961219
XAL5050-562;	1450;	329.01845224046156;	1.2030522181981862;	28.00482616686702
XAL5050-562;	1500;	343.64779556851795;	1.206208512810665;	28.001314340940805
XAL5050-562;	1550;	358.27977534173647;	1.2090912037576302;	27.996313830489786
XAL5050-562;	1600;	372.914059694506;	1.2117343804220226;	27.990011691899788
XAL5050-562;	1650;	387.5503701832253;	1.2141666962210855;	27.98256493119207
XAL5050-562;	1700;	402.18847147437725;	1.2164124103339187;	27.974106266728995
XAL5050-562;	1750;	416.8281632937007;	1.2184921988439092;	27.964748669815116
XAL5050-562;	1800;	431.4692742439247;	1.220423792345721;	27.95458883896767
XAL5050-562;	1850;	446.1116565555031;	1.2222224828372064;	27.943710176417607
XAL5050-562;	1900;	460.7551823190181;	1.2239015285621888;	27.932184935689794
XAL5050-562;	1950;	475.3997402784712;	1.22547248118637;	27.920075890824183
