XAL5030-222;	50;	5.969527729923009;	0.7743742215860403;	15.709090909090904
XAL5030-222;	100;	11.939055459846024;	0.7743742215860397;	15.709090909090902
XAL5030-222;	150;	17.90858318976903;	0.7743742215860403;	15.709090909090907
XAL5030-222;	200;	23.87811091969203;	0.7743742215860405;	15.709090909090909
XAL5030-222;	250;	29.84763864961504;	0.7743742215860406;	15.709090909090909
XAL5030-222;	300;	35.81716637953806;	0.77437422158604;	15.709090909090902
XAL5030-222;	350;	41.78669410946108;	0.7743742215860399;	15.709090909090902
XAL5030-222;	400;	47.7562218393841;	0.7743742215860397;	15.709090909090897
XAL5030-222;	450;	53.725749569307105;	0.7743742215860397;	15.709090909090897
XAL5030-222;	500;	59.69527729923011;	0.7743742215860399;	15.709090909090897
XAL5030-222;	550;	63.35474225639074;	0.8118896396110439;	15.804589660409244
XAL5030-222;	600;	67.07321366807162;	0.8433427878874478;	15.864560722319975
XAL5030-222;	650;	70.83715624894266;	0.8700769871371715;	15.897232604081868
XAL5030-222;	700;	74.6367967404773;	0.8930703930371764;	15.908515105845147
XAL5030-222;	750;	78.4649300983193;	0.9130507644654019;	15.902748609339202
XAL5030-222;	800;	82.31614209137929;	0.9305700250707329;	15.883185806624997
XAL5030-222;	850;	86.18629309579185;	0.9460539332417074;	15.85230874850135
XAL5030-222;	900;	90.07216822220866;	0.9598359475930024;	15.812042125782396
XAL5030-222;	950;	93.97123505606744;	0.9721808146459914;	15.763900448715695
XAL5030-222;	1000;	97.88147336576091;	0.9833013121523801;	15.709090909090913
XAL5030-222;	1050;	101.49208025485136;	1.0194484155243946;	15.934600096048987
XAL5030-222;	1100;	105.19422147990616;	1.0511447820567958;	16.108320393647357
XAL5030-222;	1150;	108.971143768438;	1.0791513471572223;	16.23971601943141
XAL5030-222;	1200;	112.80983940483657;	1.1040679568931984;	16.336124011164213
XAL5030-222;	1250;	116.70008508819643;	1.1263730401483336;	16.403307154856922
XAL5030-222;	1300;	120.63375320285152;	1.1464523544690448;	16.445845872815447
XAL5030-222;	1350;	124.60431098148572;	1.1646200890065903;	16.467423077269856
XAL5030-222;	1400;	128.60645452405987;	1.1811345304294893;	16.47103062269103
XAL5030-222;	1450;	132.63583705220802;	1.1962098402780434;	16.459122390701303
XAL5030-222;	1500;	136.6888655571195;	1.2100250047889878;	16.433728137711135
XAL5030-222;	1550;	140.76254533677576;	1.2227307188563725;	16.396541749039557
XAL5030-222;	1600;	144.85436255335048;	1.2344547184185255;	16.34898618300099
XAL5030-222;	1650;	148.9621916911813;	1.2453059683070533;	16.292266046737957
XAL5030-222;	1700;	153.0842243578869;	1.2553779658113609;	16.227407246386335
XAL5030-222;	1750;	157.21891258603165;	1.2647513773876282;	16.155288993296836
XAL5030-222;	1800;	161.3649240408748;	1.2734961553835158;	16.07666868833288
XAL5030-222;	1850;	165.52110586891186;	1.2816732523377237;	15.992202433849402
XAL5030-222;	1900;	169.68645555833433;	1.2893360177333741;	15.90246138033878
XAL5030-222;	1950;	173.8600978770057;	1.2965313401761225;	15.807944666722562
