XAL5030-472;	50;	12.19725250055839;	0.63540987406402;	42.84297520661156
XAL5030-472;	100;	24.394505001116787;	0.6354098740640199;	42.84297520661156
XAL5030-472;	150;	36.59175750167518;	0.6354098740640197;	42.84297520661156
XAL5030-472;	200;	48.78901000223356;	0.6354098740640202;	42.84297520661156
XAL5030-472;	250;	60.98626250279196;	0.63540987406402;	42.84297520661156
XAL5030-472;	300;	73.18351500335032;	0.6354098740640203;	42.84297520661158
XAL5030-472;	350;	85.38076750390877;	0.6354098740640197;	42.84297520661155
XAL5030-472;	400;	97.57802000446715;	0.6354098740640199;	42.84297520661155
XAL5030-472;	450;	109.77527250502551;	0.63540987406402;	42.84297520661158
XAL5030-472;	500;	121.9725250055839;	0.6354098740640202;	42.84297520661157
XAL5030-472;	550;	127.69550085462976;	0.6951948705949509;	43.313116051536426
XAL5030-472;	600;	133.70684653469127;	0.7449090717156787;	43.60427521101138
XAL5030-472;	650;	139.9387886854526;	0.7868247521222169;	43.75958319986435
XAL5030-472;	700;	146.34198655028018;	0.8226011681928384;	43.80997122594634
XAL5030-472;	750;	152.8801670389101;	0.8534699772571089;	43.77795227385045
XAL5030-472;	800;	159.52629311301135;	0.8803606374057753;	43.68019102210718
XAL5030-472;	850;	166.25991079056672;	0.9039856628148286;	43.52923267053659
XAL5030-472;	900;	173.06531719914085;	0.9248993088979919;	43.33467420049324
XAL5030-472;	950;	179.9302886037162;	0.94353855897335;	43.10396682597382
XAL5030-472;	1000;	186.84518550877928;	0.9602522053493101;	42.842975206611555
XAL5030-472;	1050;	201.17094593532568;	0.9933913541017185;	43.139645954118215
XAL5030-472;	1100;	215.6417439127042;	1.0206216499194896;	43.353100213173214
XAL5030-472;	1150;	230.22091949004326;	1.0433858999729382;	43.504375573980326
XAL5030-472;	1200;	244.88310372269459;	1.06269481974235;	43.608014785384405
XAL5030-472;	1250;	259.6102166422806;	1.0792767725358132;	43.67437863781125
XAL5030-472;	1300;	274.3890432765616;	1.093669547054181;	43.7110387474004
XAL5030-472;	1350;	289.20970861331256;	1.1062786599366283;	43.72365449788514
XAL5030-472;	1400;	304.0646908455668;	1.1174155506649814;	43.71653770886443
XAL5030-472;	1450;	318.9481622232246;	1.1273233029880332;	43.69303049998739
XAL5030-472;	1500;	333.8555394214631;	1.1361943827010914;	43.65576246096308
XAL5030-472;	1550;	348.78316939818234;	1.1441831359712764;	43.606830337279035
XAL5030-472;	1600;	363.728105128974;	1.1514147664421206;	43.54792658236767
XAL5030-472;	1650;	378.6879434604127;	1.157991892600696;	43.48043191440839
XAL5030-472;	1700;	393.66070645982177;	1.163999411471674;	43.40548279521365
XAL5030-472;	1750;	408.6447491881538;	1.169508166372176;	43.32402566820871
XAL5030-472;	1800;	423.63869470100354;	1.1745777312077321;	43.236852775166646
XAL5030-472;	1850;	438.641381425604;	1.179258564260698;	43.144632163977995
XAL5030-472;	1900;	453.65182170865415;	1.1835936876342417;	43.047932837502394
XAL5030-472;	1950;	468.6691713015629;	1.1876200056819897;	42.94724107866924
