XAL5050-103;	50;	23.753999023821322;	1.0925611753056;	48.67438016528925
XAL5050-103;	100;	47.507998047642616;	1.0925611753056006;	48.67438016528926
XAL5050-103;	150;	71.26199707146398;	1.0925611753056;	48.674380165289236
XAL5050-103;	200;	95.01599609528526;	1.0925611753056004;	48.67438016528925
XAL5050-103;	250;	118.76999511910661;	1.0925611753056;	48.674380165289236
XAL5050-103;	300;	142.5239998063226;	1.0925611753056002;	48.67438016528926
XAL5050-103;	350;	160.83504538371398;	1.1461106861349488;	48.86007794376762
XAL5050-103;	400;	179.42621348643408;	1.1852517582843796;	48.88752425397666
XAL5050-103;	450;	198.19439928555002;	1.2150917448947167;	48.814682887604505
XAL5050-103;	500;	217.08135002800103;	1.2385857949143297;	48.674380165289236
XAL5050-103;	550;	244.37108873428713;	1.2354764953169903;	48.67663528026447
XAL5050-103;	600;	271.66242208742585;	1.2329792452581358;	48.67799585545344
XAL5050-103;	650;	298.9549229000526;	1.2309295243450353;	48.67870169718382
XAL5050-103;	700;	326.2483040734294;	1.2292169266148876;	48.67891391488265
XAL5050-103;	750;	353.5423654849116;	1.227764602355011;	48.67874478881827
XAL5050-103;	800;	380.83696340873;	1.2265174098207665;	48.67827493331422
XAL5050-103;	850;	408.1319919402252;	1.2254347560905166;	48.67756374050594
XAL5050-103;	900;	435.4273713258227;	1.224486095757432;	48.676655930481154
XAL5050-103;	950;	462.7230403620896;	1.223648003430487;	48.6755858161157
XAL5050-103;	1000;	490.0189512982129;	1.22290221343353;	48.674380165289215
XAL5050-103;	1050;	534.9167999994481;	1.217465471596821;	48.70069142696603
XAL5050-103;	1100;	579.8260183368974;	1.212828637539021;	48.72059359231857
XAL5050-103;	1150;	624.7442899281656;	1.2088273058716454;	48.735394616767806
XAL5050-103;	1200;	669.6698873839158;	1.2053392288603941;	48.746069345359
XAL5050-103;	1250;	714.6014963739202;	1.2022716195517567;	48.7533591391979
XAL5050-103;	1300;	759.5380991493341;	1.199552782454714;	48.757837832450605
XAL5050-103;	1350;	804.4788953587508;	1.1971264436123008;	48.7599565333322
XAL5050-103;	1400;	849.4232470221832;	1.194947816145265;	48.76007466719797
XAL5050-103;	1450;	894.3706392553926;	1.1929808119080076;	48.75848227551237
XAL5050-103;	1500;	939.3206520300815;	1.1911960275021864;	48.755415880574375
XAL5050-103;	1550;	984.2729391686282;	1.1895692652155436;	48.75107047330652
XAL5050-103;	1600;	1029.2272130479992;	1.188080429684584;	48.74560784648201
XAL5050-103;	1650;	1074.1832324276822;	1.1867126941880424;	48.739163840320465
XAL5050-103;	1700;	1119.1407937163824;	1.1854518618657277;	48.731852986581885
XAL5050-103;	1750;	1164.0997236733729;	1.1842858714780846;	48.72377280142363
XAL5050-103;	1800;	1209.0598741847703;	1.1832044102299224;	48.71500655895547
XAL5050-103;	1850;	1254.0211177104609;	1.18219860816096;	48.7056260062757
XAL5050-103;	1900;	1298.9833438643464;	1.1812607943293358;	48.69569325042068
XAL5050-103;	1950;	1343.9464566743666;	1.180384300812302;	48.68526224429199
