XAL5030-122;	50;	2.2521475743519614;	1.0026792133627997;	13.56694214876033
XAL5030-122;	100;	4.504295148703921;	1.0026792133628004;	13.566942148760331
XAL5030-122;	150;	6.756442723055886;	1.0026792133627997;	13.566942148760328
XAL5030-122;	200;	9.008590297407839;	1.0026792133628009;	13.566942148760333
XAL5030-122;	250;	11.260737871759805;	1.0026792133628;	13.56694214876033
XAL5030-122;	300;	13.51288544611177;	1.0026792133627997;	13.566942148760328
XAL5030-122;	350;	15.765033020463733;	1.0026792133627997;	13.566942148760328
XAL5030-122;	400;	18.0171805948157;	1.0026792133627995;	13.566942148760326
XAL5030-122;	450;	20.26932816916765;	1.0026792133628;	13.566942148760331
XAL5030-122;	500;	22.521475743519602;	1.0026792133628004;	13.566942148760335
XAL5030-122;	550;	23.913229608226768;	1.0250660361065242;	13.580555016208827
XAL5030-122;	600;	25.313351718486054;	1.0442624429964031;	13.589361114552446
XAL5030-122;	650;	26.720122522981008;	1.0609021787127135;	13.594347256066888
XAL5030-122;	700;	28.132260094429505;	1.0754622447553477;	13.596248875555132
XAL5030-122;	750;	29.548790176311655;	1.08830834643412;	13.595624867677046
XAL5030-122;	800;	30.9689596417805;	1.0997254541247126;	13.592907322702988
XAL5030-122;	850;	32.39217743267936;	1.1099388518346402;	13.58843542667304
XAL5030-122;	900;	33.81797338578023;	1.1191289454930693;	13.5824790729803
XAL5030-122;	950;	35.24596894566512;	1.1274418821839016;	13.575255641843786
XAL5030-122;	1000;	36.67585596829817;	1.1349972969417101;	13.566942148760333
XAL5030-122;	1050;	38.625753612509456;	1.1473721997867803;	13.578084709677274
XAL5030-122;	1100;	40.57994987373592;	1.1583255433761288;	13.586812557906192
XAL5030-122;	1150;	42.5377267433139;	1.1680884835986418;	13.593527575137962
XAL5030-122;	1200;	44.49851715901414;	1.1768447313224124;	13.598547365360098
XAL5030-122;	1250;	46.46186744235003;	1.184742108951344;	13.60212619792256
XAL5030-122;	1300;	48.427410385057335;	1.191900891892907;	13.604470012581986
XAL5030-122;	1350;	50.3948456474205;	1.198419930182769;	13.605747349452134
XAL5030-122;	1400;	52.3639252099139;	1.2043812100068974;	13.606097488475376
XAL5030-122;	1450;	54.33444251881753;	1.2098532978693943;	13.605636467113673
XAL5030-122;	1500;	56.30622413926527;	1.2148939760693231;	13.604461798475723
XAL5030-122;	1550;	58.279123428888354;	1.21955227987816;	13.602655950864145
XAL5030-122;	1600;	60.25301552375156;	1.223870091407585;	13.600289202095288
XAL5030-122;	1650;	62.227793470099975;	1.2278833966004388;	13.59742177250199
XAL5030-122;	1700;	64.20336514436067;	1.2316232865073806;	13.594105545270299
XAL5030-122;	1750;	66.1796507181531;	1.2351167623266517;	13.590385517471168
XAL5030-122;	1800;	68.15658073170731;	1.2383873852406828;	13.58630084553467
XAL5030-122;	1850;	70.13409443814656;	1.2414558073711788;	13.581885791132414
XAL5030-122;	1900;	72.11213848512635;	1.2443402069692897;	13.57717045748396
XAL5030-122;	1950;	74.09066582054572;	1.247056647900471;	13.572181405370333
