XAL5050-153;	50;	27.127452291065566;	1.1885949380685707;	82.94876033057852
XAL5050-153;	100;	54.254904582131175;	1.1885949380685699;	82.9487603305785
XAL5050-153;	150;	81.38235687319671;	1.1885949380685705;	82.94876033057854
XAL5050-153;	200;	108.50980916426232;	1.1885949380685703;	82.94876033057852
XAL5050-153;	250;	135.63726145532786;	1.1885949380685705;	82.94876033057854
XAL5050-153;	300;	162.76472021408202;	1.1885949380685707;	82.94876033057855
XAL5050-153;	350;	188.96632426967815;	1.2083379418659397;	82.97870900161826
XAL5050-153;	400;	215.21310846528377;	1.2228151970786865;	82.98330004682448
XAL5050-153;	450;	241.4889051108019;	1.233884616231069;	82.97158279539752
XAL5050-153;	500;	267.7844358695627;	1.2426223582975702;	82.94876033057854
XAL5050-153;	550;	306.3957959272085;	1.2510246334713635;	82.96667445640698
XAL5050-153;	600;	345.02101917705386;	1.2574590138021196;	82.97685429387998
XAL5050-153;	650;	383.6557142913084;	1.2625442990978493;	82.98174596096297
XAL5050-153;	700;	422.2971671879758;	1.2666644867007215;	82.98286255051455
XAL5050-153;	750;	460.9436101497081;	1.2700704825957838;	82.98119022211743
XAL5050-153;	800;	499.59384252818404;	1.272933160485069;	82.97739916389557
XAL5050-153;	850;	538.2470201360982;	1.275372913701183;	82.97196083408721
XAL5050-153;	900;	576.9025322309853;	1.2774770133981617;	82.9652164387572
XAL5050-153;	950;	615.559925992427;	1.2793102657113977;	82.95741905135016
XAL5050-153;	1000;	654.2188585916474;	1.2809218029756002;	82.94876033057854
XAL5050-153;	1050;	712.0865792127219;	1.2661914228097002;	83.23841092377818
XAL5050-153;	1100;	770.0693790108787;	1.253357934105375;	83.46308177900315
XAL5050-153;	1150;	828.1470106265548;	1.2420777873688966;	83.6342827311618
XAL5050-153;	1200;	886.3036967104213;	1.232085536525372;	83.76096397408884
XAL5050-153;	1250;	944.5269651293098;	1.2231728681656524;	83.85018790025633
XAL5050-153;	1300;	1002.8068293829833;	1.2151740349666311;	83.90760010874958
XAL5050-153;	1350;	1061.1351996442154;	1.2079555253782126;	83.93776843868133
XAL5050-153;	1400;	1119.5054533033688;	1.2014085991942773;	83.94442883864559
XAL5050-153;	1450;	1177.9121194669708;	1.1954438015270712;	83.93066318421863
XAL5050-153;	1500;	1236.3506375275103;	1.1899868744727493;	83.89903929813059
XAL5050-153;	1550;	1294.817176856289;	1.1849756634139843;	83.85171204500259
XAL5050-153;	1600;	1353.3084962334494;	1.180357749984096;	83.79050333120392
XAL5050-153;	1650;	1411.821835443929;	1.1760886185134698;	83.71696388102899
XAL5050-153;	1700;	1470.354828062134;	1.1721302227887451;	83.63242259379089
XAL5050-153;	1750;	1528.905435025693;	1.1684498519164808;	83.53802388909622
XAL5050-153;	1800;	1587.4718897702044;	1.165019227565063;	83.43475847432701
XAL5050-153;	1850;	1646.0526533848376;	1.1618137786254534;	83.32348974286087
XAL5050-153;	1900;	1704.6463801805758;	1.1588120527774337;	83.20497184553162
XAL5050-153;	1950;	1763.2518878460926;	1.1559952373752942;	83.07986735494401
