XAL5050-223;	50;	56.94502701165911;	0.7634423122865098;	107.82148760330575
XAL5050-223;	100;	113.89005572041225;	0.7634423122865102;	107.82148760330577
XAL5050-223;	150;	160.0049846394389;	0.6671378923996739;	108.36020343955376
XAL5050-223;	200;	206.8895321115934;	0.6063050774179629;	108.4092236228852
XAL5050-223;	250;	254.18438869343888;	0.5645148365334348;	108.19398099271189
XAL5050-223;	300;	301.7209083782704;	0.5340814215002996;	107.82148760330571
XAL5050-223;	350;	336.5977264324074;	0.6678062685151238;	110.06656982225583
XAL5050-223;	400;	374.65756647679734;	0.7568296231219228;	110.2907937464647
XAL5050-223;	450;	414.5100422799931;	0.8199909795431347;	109.39394027049386
XAL5050-223;	500;	455.4502108174505;	0.86701132078249;	107.82148760330571
XAL5050-223;	550;	508.9575740742775;	0.9012896214080033;	108.32464871994603
XAL5050-223;	600;	562.8349716313251;	0.9275915283087129;	108.6092839048775
XAL5050-223;	650;	616.964638494829;	0.9484032191922881;	108.74512415484593
XAL5050-223;	700;	671.2737579276186;	0.9652774344348176;	108.77519198951795
XAL5050-223;	750;	725.7149742699477;	0.9792329937008393;	108.72742977768213
XAL5050-223;	800;	780.2561968758396;	0.9909657085558881;	108.62075699203336
XAL5050-223;	850;	834.8749245007554;	1.0009668007597983;	108.46843260868624
XAL5050-223;	900;	889.5549207438296;	1.009592853431916;	108.28002102289648
XAL5050-223;	950;	944.2841799910096;	1.017108932009126;	108.06259294539099
XAL5050-223;	1000;	999.0536357638929;	1.02371614704996;	107.82148760330573
XAL5050-223;	1050;	1053.85631483104;	1.0295698296417457;	107.560811163002
XAL5050-223;	1100;	1108.6867663598475;	1.0347918471788426;	107.2837735947027
XAL5050-223;	1150;	1163.540669282731;	1.039479147936146;	106.99291910056552
XAL5050-223;	1200;	1218.4145532858088;	1.0437098176437785;	106.69029156140063
XAL5050-223;	1250;	1273.305600450209;	1.04754745105292;	106.37755022392761
XAL5050-223;	1300;	1328.2114979266037;	1.0510443634943134;	106.05605758793703
XAL5050-223;	1350;	1383.1303307105109;	1.0542439836976532;	105.72694139907841
XAL5050-223;	1400;	1438.0604992428784;	1.0571826633922277;	105.39114375519033
XAL5050-223;	1450;	1493.0006568732101;	1.0598910620284927;	105.04945795898882
XAL5050-223;	1500;	1547.9496618928863;	1.062395218531437;	104.70255679616758
XAL5050-223;	1550;	1602.9065402582198;	1.0647173897113922;	104.3510142820283
XAL5050-223;	1600;	1657.870456551833;	1.0668767124335092;	103.995321795739
XAL5050-223;	1650;	1712.840687490153;	1.0688897329048872;	103.63590699897438
XAL5050-223;	1700;	1767.8166081090715;	1.0707708286100526;	103.27313597189584
XAL5050-223;	1750;	1822.797670202725;	1.0725325545987576;	102.90733453702518
XAL5050-223;	1800;	1877.7834000680382;	1.0741859194804304;	102.53877681763493
XAL5050-223;	1850;	1932.7733683949143;	1.0757406239481533;	102.16772381320494
XAL5050-223;	1900;	1987.7672119481263;	1.0772052382383237;	101.79438167311115
XAL5050-223;	1950;	2042.7645933654992;	1.0785873740250935;	101.41895643365326
