XAL6060-472;	50;	10.21010882717407;	0.86602008139141;	15.5900826446281
XAL6060-472;	100;	20.420217654348136;	0.8660200813914102;	15.590082644628101
XAL6060-472;	150;	30.630326481522207;	0.8660200813914102;	15.5900826446281
XAL6060-472;	200;	40.84043530869629;	0.8660200813914098;	15.590082644628094
XAL6060-472;	250;	51.05054413587035;	0.8660200813914102;	15.590082644628096
XAL6060-472;	300;	61.26065296304442;	0.86602008139141;	15.59008264462809
XAL6060-472;	350;	71.47076179021849;	0.86602008139141;	15.590082644628094
XAL6060-472;	400;	81.68087061739254;	0.8660200813914103;	15.590082644628097
XAL6060-472;	450;	91.89097944456664;	0.8660200813914098;	15.590082644628081
XAL6060-472;	500;	102.10108827174066;	0.8660200813914101;	15.590082644628108
XAL6060-472;	550;	105.8747715970612;	0.9134469268369168;	15.855933954398363
XAL6060-472;	600;	109.8101132854703;	0.9542830243819661;	16.027484952328546
XAL6060-472;	650;	113.87404180455847;	0.9897811198879541;	16.124143871292176
XAL6060-472;	700;	118.04158802650096;	1.0209035370859705;	16.160490947999218
XAL6060-472;	750;	122.29365818084217;	1.048399230146822;	16.147640601899088
XAL6060-472;	800;	126.61546103221319;	1.0728584236122556;	16.09418640232075
XAL6060-472;	850;	130.99539326892892;	1.094751744847102;	16.006862918560564
XAL6060-472;	900;	135.4242441477162;	1.1144585705385217;	15.891013611824985
XAL6060-472;	950;	139.8946206740533;	1.132287821268571;	15.750927190565001
XAL6060-472;	1000;	144.40052740230934;	1.1484934021192703;	15.590082644628117
XAL6060-472;	1050;	155.73711526900604;	1.1684280429677627;	15.67978287431843
XAL6060-472;	1100;	167.1161317619379;	1.1850981305699808;	15.745773972390321
XAL6060-472;	1150;	178.52769322752096;	1.1992433099786497;	15.793555657821035
XAL6060-472;	1200;	189.96475506614834;	1.2113958781700718;	15.827052722217811
XAL6060-472;	1250;	201.42216394366193;	1.221948561706096;	15.849139289788862
XAL6060-472;	1300;	212.896063644844;	1.2311973860972438;	15.861969185235333
XAL6060-472;	1350;	224.38351313223092;	1.239369671568746;	15.867186049913553
XAL6060-472;	1400;	235.88222993823794;	1.2466428540079841;	15.866067117244143
XAL6060-472;	1450;	247.39041626568988;	1.2531574422271894;	15.859619206402938
XAL6060-472;	1500;	258.90663673630996;	1.2590261418703708;	15.848647064972313
XAL6060-472;	1550;	270.4297319516237;	1.2643404015773962;	15.833800966104292
XAL6060-472;	1600;	281.9587550702495;	1.2691751960595132;	15.815612416046156
XAL6060-472;	1650;	293.4929252079346;	1.2735925736678637;	15.794520164986368
XAL6060-472;	1700;	305.03159275931205;	1.2776443250558829;	15.770889434059939
XAL6060-472;	1750;	316.57421301097924;	1.2813740175328199;	15.745026498584068
XAL6060-472;	1800;	328.1203256020553;	1.284818564599219;	15.71719054243267
XAL6060-472;	1850;	339.66953896801397;	1.2880094485090499;	15.68760207930323
XAL6060-472;	1900;	351.22151803225404;	1.2909736831690213;	15.656449776309621
XAL6060-472;	1950;	362.77597422110193;	1.2937345798055058;	15.623896287831034
