XAL6030-182;	50;	2.5130379596165726;	1.1170939996320801;	11.389090909090907
XAL6030-182;	100;	5.026075919233146;	1.11709399963208;	11.389090909090907
XAL6030-182;	150;	7.5391138788497205;	1.11709399963208;	11.389090909090907
XAL6030-182;	200;	10.052151838466296;	1.1170939996320794;	11.389090909090903
XAL6030-182;	250;	12.565189798082864;	1.1170939996320801;	11.389090909090907
XAL6030-182;	300;	15.078227757699441;	1.1170939996320797;	11.389090909090905
XAL6030-182;	350;	17.591265717316016;	1.1170939996320797;	11.389090909090903
XAL6030-182;	400;	20.10430367693259;	1.1170939996320794;	11.389090909090903
XAL6030-182;	450;	22.61734163654916;	1.11709399963208;	11.389090909090907
XAL6030-182;	500;	25.130379596165742;	1.1170939996320794;	11.389090909090898
XAL6030-182;	550;	28.084672254663587;	1.1255039892231768;	11.390948144492295
XAL6030-182;	600;	31.040282030999254;	1.1322209027433328;	11.392057674284437
XAL6030-182;	650;	33.996844641465565;	1.1377091475665346;	11.392626091036005
XAL6030-182;	700;	36.95411875572289;	1.1422775413336952;	11.392790314365664
XAL6030-182;	750;	39.91193817351073;	1.1461394251127415;	11.39264467335785
XAL6030-182;	800;	42.87018470653615;	1.1494469091926236;	11.392256268240201
XAL6030-182;	850;	45.82877201258941;	1.1523113671523484;	11.391674133106022
XAL6030-182;	900;	48.787635548772194;	1.1548162158964808;	11.390934930706154
XAL6030-182;	950;	51.74672610040664;	1.1570251689323712;	11.390066623756697
XAL6030-182;	1000;	54.706005487301105;	1.1589877290496506;	11.389090909090916
XAL6030-182;	1050;	56.61892691187615;	1.1844947358752418;	11.458958087782747
XAL6030-182;	1100;	58.558480062089956;	1.2073205783693137;	11.514122978185053
XAL6030-182;	1150;	60.52044543156921;	1.2278625957050273;	11.556891047130827
XAL6030-182;	1200;	62.50143612184543;	1.2464441347024555;	11.58911545346767
XAL6030-182;	1250;	64.49870570210383;	1.2633308141572361;	11.612301023868621
XAL6030-182;	1300;	66.51000547594855;	1.278742737629324;	11.627681954372216
XAL6030-182;	1350;	68.53347819219465;	1.2928637567384318;	11.636279244502655
XAL6030-182;	1400;	70.56757732917946;	1.3058485837168574;	11.638944451840647
XAL6030-182;	1450;	72.6110052744292;	1.317828306346581;	11.636393329253051
XAL6030-182;	1500;	74.66266572184779;	1.3289147027946013;	11.629231548472212
XAL6030-182;	1550;	76.721626302548;	1.3392036522972275;	11.617975122776325
XAL6030-182;	1600;	78.78708949623575;	1.3487778481569186;	11.603065938493195
XAL6030-182;	1650;	80.85836890814689;	1.3577089825177155;	11.584885175590372
XAL6030-182;	1700;	82.93487103125887;	1.3660595055163165;	11.563762702751204
XAL6030-182;	1750;	85.0160800308728;	1.373884063375568;	11.539985617982033
XAL6030-182;	1800;	87.10154534123849;	1.3812306776375614;	11.513805245856942
XAL6030-182;	1850;	89.19087197720526;	1.3881417135641279;	11.485442007414024
XAL6030-182;	1900;	91.28371206624303;	1.394654688347584;	11.455090384895268
XAL6030-182;	1950;	93.37975818032744;	1.4008029421326267;	11.422922394461168
