XAL6030-122;	50;	1.8584804645832393;	1.0890400277080698;	8.116363636363634
XAL6030-122;	100;	3.7169609291664774;	1.0890400277080703;	8.116363636363634
XAL6030-122;	150;	5.575441393749719;	1.0890400277080696;	8.116363636363634
XAL6030-122;	200;	7.43392185833296;	1.0890400277080696;	8.116363636363634
XAL6030-122;	250;	9.292402322916198;	1.0890400277080698;	8.116363636363634
XAL6030-122;	300;	11.150882787499436;	1.0890400277080696;	8.116363636363634
XAL6030-122;	350;	13.009363252082673;	1.08904002770807;	8.116363636363635
XAL6030-122;	400;	14.867843716665918;	1.0890400277080696;	8.116363636363632
XAL6030-122;	450;	16.726324181249147;	1.0890400277080703;	8.116363636363635
XAL6030-122;	500;	18.5848046458324;	1.0890400277080694;	8.116363636363628
XAL6030-122;	550;	20.443285110415633;	1.0890400277080698;	8.116363636363634
XAL6030-122;	600;	22.301765574998882;	1.0890400277080696;	8.11636363636363
XAL6030-122;	650;	24.160246039582116;	1.0890400277080696;	8.116363636363632
XAL6030-122;	700;	26.01872650416535;	1.0890400277080698;	8.116363636363635
XAL6030-122;	750;	27.8772069687486;	1.0890400277080696;	8.116363636363628
XAL6030-122;	800;	29.73568743333182;	1.08904002770807;	8.116363636363637
XAL6030-122;	850;	31.594167897915078;	1.0890400277080696;	8.11636363636363
XAL6030-122;	900;	33.45264836249833;	1.0890400277080694;	8.116363636363623
XAL6030-122;	950;	35.31112882708154;	1.0890400277080703;	8.116363636363639
XAL6030-122;	1000;	37.169609291664784;	1.0890400277080698;	8.116363636363632
XAL6030-122;	1050;	37.519788128820686;	1.113727465712628;	8.172827526233315
XAL6030-122;	1100;	37.887018436550484;	1.1369464981651374;	8.219834431247918
XAL6030-122;	1150;	38.26968079315824;	1.158819164490028;	8.258272004095355
XAL6030-122;	1200;	38.66634215770574;	1.1794550260227694;	8.288925212616352
XAL6030-122;	1250;	39.0757318493175;	1.19895261155421;	8.312490035724592
XAL6030-122;	1300;	39.49672086054294;	1.2174006850380819;	8.329584947606545
XAL6030-122;	1350;	39.92830387851387;	1.2348793598503738;	8.340760891646857
XAL6030-122;	1400;	40.369583664107665;	1.251461077619691;	8.346509949346524
XAL6030-122;	1450;	40.819757678869166;	1.2672114637350336;	8.347272644038307
XAL6030-122;	1500;	41.27810644981913;	1.2821900794719396;	8.34344428264772
XAL6030-122;	1550;	41.74398354673101;	1.2964510810066432;	8.335380451590758
XAL6030-122;	1600;	42.216806767723824;	1.3100438012878055;	8.323401895760052
XAL6030-122;	1650;	42.69605081792854;	1.3230132553807226;	8.307798250600365
XAL6030-122;	1700;	43.181240650448466;	1.3354005912475686;	8.288831906696045
XAL6030-122;	1750;	43.67194575472653;	1.3472434864679823;	8.266740917042243
XAL6030-122;	1800;	44.16777518352255;	1.3585764977497032;	8.241741877307168
XAL6030-122;	1850;	44.66837326928031;	1.3694313697255907;	8.214032090138446
XAL6030-122;	1900;	45.17341586905777;	1.3798373085861062;	8.1837915846733
XAL6030-122;	1950;	45.682606918307464;	1.3898212279323001;	8.151185128157204
