XAL6060-822;	50;	14.997406850674594;	0.9527603986797102;	28.56198347107438
XAL6060-822;	100;	29.9948137013492;	0.9527603986797097;	28.561983471074374
XAL6060-822;	150;	44.99222055202381;	0.9527603986797096;	28.561983471074367
XAL6060-822;	200;	59.9896274026984;	0.9527603986797096;	28.56198347107437
XAL6060-822;	250;	74.98703425337298;	0.9527603986797101;	28.561983471074377
XAL6060-822;	300;	89.9844411040476;	0.9527603986797099;	28.561983471074363
XAL6060-822;	350;	104.9818479547222;	0.9527603986797097;	28.561983471074367
XAL6060-822;	400;	119.97925480539679;	0.95276039867971;	28.56198347107437
XAL6060-822;	450;	134.97666165607137;	0.9527603986797099;	28.561983471074374
XAL6060-822;	500;	149.97406850674597;	0.9527603986797102;	28.56198347107438
XAL6060-822;	550;	160.98709246923428;	1.0129068620890886;	29.065943538265525
XAL6060-822;	600;	172.36903338695475;	1.0605082263743495;	29.35921114260011
XAL6060-822;	650;	184.0105900979146;	1.0990779119457912;	29.5041328305939
XAL6060-822;	700;	195.84109640335575;	1.1309425453696083;	29.54095201774865
XAL6060-822;	750;	207.81309333204857;	1.1576990927339934;	29.496693215930716
XAL6060-822;	800;	219.89363408859634;	1.1804779098628666;	29.390131385306198
XAL6060-822;	850;	232.0591822073989;	1.2001005094375703;	29.234693962183815
XAL6060-822;	900;	244.2925010316891;	1.2171777600290221;	29.040227823388026
XAL6060-822;	950;	256.58069168453227;	1.2321730434070435;	28.814112331651085
XAL6060-822;	1000;	268.91391681591955;	1.2454440686255697;	28.561983471074285
XAL6060-822;	1050;	299.5705645382188;	1.242582061288203;	28.565403378286383
XAL6060-822;	1100;	330.22890152854063;	1.2402404309241786;	28.567876005611446
XAL6060-822;	1150;	360.8885069600903;	1.2382890845695906;	28.569637518381462
XAL6060-822;	1200;	391.54908907571485;	1.2366379564194705;	28.570851589109978
XAL6060-822;	1250;	422.2104392122824;	1.235222713268345;	28.571635245192404
XAL6060-822;	1300;	452.8724042040404;	1.233996177242908;	28.572074385689838
XAL6060-822;	1350;	483.5348690594221;	1.2329229649802458;	28.57223346614987
XAL6060-822;	1400;	514.1977457806622;	1.2319760186428783;	28.572161822682197
XAL6060-822;	1450;	544.8609658699825;	1.2311342933334006;	28.571897845269415
XAL6060-822;	1500;	575.5244752779673;	1.2303811746120334;	28.571471807686418
XAL6060-822;	1550;	606.1882306473491;	1.22970337116164;	28.570908024046325
XAL6060-822;	1600;	636.8521969240547;	1.229090123281513;	28.570226129887878
XAL6060-822;	1650;	667.5163454047461;	1.2285326276450295;	28.56944220163404
XAL6060-822;	1700;	698.180652361216;	1.228023611984184;	28.56856953630491
XAL6060-822;	1750;	728.8450980224108;	1.2275570160914862;	28.567619208518263
XAL6060-822;	1800;	759.5096657752679;	1.2271277494217077;	28.566600512770684
XAL6060-822;	1850;	790.1743415461171;	1.2267315046211191;	28.56552134380042
XAL6060-822;	1900;	820.8391133484827;	1.2263646124732253;	28.564388417002366
XAL6060-822;	1950;	851.5039709191188;	1.226023927936215;	28.563207467376884
