XAL6060-223;	50;	40.56061415088435;	1.03394849567432;	65.59735537190082
XAL6060-223;	100;	81.12122830176871;	1.0339484956743197;	65.59735537190082
XAL6060-223;	150;	121.68184245265309;	1.0339484956743197;	65.59735537190082
XAL6060-223;	200;	162.24245660353722;	1.0339484956743212;	65.5973553719009
XAL6060-223;	250;	202.80307075442173;	1.0339484956743201;	65.59735537190085
XAL6060-223;	300;	243.3636849053061;	1.03394849567432;	65.59735537190082
XAL6060-223;	350;	283.9242990561905;	1.03394849567432;	65.59735537190082
XAL6060-223;	400;	324.4849132070748;	1.0339484956743201;	65.59735537190087
XAL6060-223;	450;	365.045527357959;	1.0339484956743203;	65.59735537190093
XAL6060-223;	500;	405.60614150884345;	1.03394849567432;	65.59735537190086
XAL6060-223;	550;	462.4970189401305;	1.138302976007553;	68.45563949662402
XAL6060-223;	600;	522.1206322652068;	1.2077791246492084;	69.78782176056184
XAL6060-223;	650;	583.2509677763766;	1.2572634692487705;	70.27427264532538
XAL6060-223;	700;	645.294903440912;	1.2942657289546788;	70.24533053086459
XAL6060-223;	750;	707.9329361882146;	1.3229656721028926;	69.87974497925467
XAL6060-223;	800;	770.978403488888;	1.3458691130794795;	69.28240302885048
XAL6060-223;	850;	834.3151792153592;	1.3645677175489588;	68.51881361597249
XAL6060-223;	900;	897.8673213572698;	1.380120258878465;	67.63197026497855
XAL6060-223;	950;	961.5831168452862;	1.3932580694980283;	66.65123854954547
XAL6060-223;	1000;	1025.4261497327018;	1.4045023797071403;	65.59735537190119
XAL6060-223;	1050;	1256.6237570193507;	1.4077373073791128;	65.6077726910981
XAL6060-223;	1100;	1487.8289949558043;	1.4099557776359148;	65.61398769813805
XAL6060-223;	1150;	1719.038749430145;	1.411571817858506;	65.61771443606463
XAL6060-223;	1200;	1950.2513979725945;	1.4128014789757692;	65.61984626060946
XAL6060-223;	1250;	2181.4660121121055;	1.4137685332058236;	65.62089460402589
XAL6060-223;	1300;	2412.68202214705;	1.4145489878619326;	65.62117339189722
XAL6060-223;	1350;	2643.8990591714187;	1.4151920990998341;	65.62088589333966
XAL6060-223;	1400;	2875.1168736984287;	1.4157311891327033;	65.62016967449281
XAL6060-223;	1450;	3106.3352910474214;	1.416189607222841;	65.61912098695419
XAL6060-223;	1500;	3337.5541852056967;	1.4165842009527565;	65.61780930267274
XAL6060-223;	1550;	3568.7734629509077;	1.416927431962853;	65.61628607905865
XAL6060-223;	1600;	3799.9930539531183;	1.4172287159533574;	65.61459002624825
XAL6060-223;	1650;	4031.212904035455;	1.4174952997505224;	65.61275104440251
XAL6060-223;	1700;	4262.432970817714;	1.4177328517840841;	65.61079254401696
XAL6060-223;	1750;	4493.653220742223;	1.4179458696114589;	65.6087329778058
XAL6060-223;	1800;	4724.873626760856;	1.418137967416769;	65.60658733682027
XAL6060-223;	1850;	4956.0941670069205;	1.4183120827087676;	65.60436758783403
XAL6060-223;	1900;	5187.314823422591;	1.418470627638356;	65.60208375410976
XAL6060-223;	1950;	5418.535581091055;	1.4186156013968219;	65.59974405222522
