XAL6030-222;	50;	3.732685916745018;	1.10720594041687;	15.114049586776856
XAL6030-222;	100;	7.465371833490036;	1.10720594041687;	15.114049586776856
XAL6030-222;	150;	11.198057750235055;	1.10720594041687;	15.114049586776856
XAL6030-222;	200;	14.930743666980081;	1.1072059404168693;	15.11404958677685
XAL6030-222;	250;	18.663429583725087;	1.1072059404168701;	15.114049586776856
XAL6030-222;	300;	22.396115500470096;	1.1072059404168704;	15.114049586776861
XAL6030-222;	350;	26.128801417215122;	1.1072059404168701;	15.114049586776858
XAL6030-222;	400;	29.861487333960145;	1.10720594041687;	15.114049586776856
XAL6030-222;	450;	33.59417325070515;	1.1072059404168704;	15.114049586776865
XAL6030-222;	500;	37.32685916745019;	1.1072059404168697;	15.114049586776849
XAL6030-222;	550;	41.892980202959286;	1.1122407582639884;	15.115042291889644
XAL6030-222;	600;	46.45980465618893;	1.1162531144921874;	15.115634362070121
XAL6030-222;	650;	51.02713708776925;	1.1195257360422766;	15.115937052600602
XAL6030-222;	700;	55.59484831463319;	1.1222459152282462;	15.116023918535813
XAL6030-222;	750;	60.16284952938705;	1.124542641475729;	15.115945535676786
XAL6030-222;	800;	64.73107767117973;	1.1265076488532522;	15.115737822656804
XAL6030-222;	850;	69.29948672569756;	1.128207960097949;	15.115426993237257
XAL6030-222;	900;	73.86804233121012;	1.1296936822222523;	15.115032624720909
XAL6030-222;	950;	78.43671830908238;	1.1310030262711015;	15.114569634207776
XAL6030-222;	1000;	83.00549436513167;	1.1321656397230508;	15.114049586776876
XAL6030-222;	1050;	86.66141345685924;	1.1563963971491218;	15.204988476728417
XAL6030-222;	1100;	90.35366312113884;	1.1777715102454847;	15.275729730017469
XAL6030-222;	1150;	94.07589571228041;	1.1967641283618535;	15.329776674947809
XAL6030-222;	1200;	97.82314464996244;	1.2137490807058164;	15.369873208394218
XAL6030-222;	1250;	101.59147213662688;	1.2290269736370163;	15.39819760679344
XAL6030-222;	1300;	105.377718670421;	1.2428415799856645;	15.416499724691002
XAL6030-222;	1350;	109.1793211416664;	1.2553925932640022;	15.42620114803832
XAL6030-222;	1400;	112.99417977432302;	1.266845109305042;	15.428467925275804
XAL6030-222;	1450;	116.82055860463288;	1.2773367759652277;	15.424265273198987
XAL6030-222;	1500;	120.65701023346361;	1.2869832487657613;	15.414399207637397
XAL6030-222;	1550;	124.50231882740432;	1.2958823971840534;	15.399547477570474
XAL6030-222;	1600;	128.3554557950564;	1.3041175862771102;	15.380284145671181
XAL6030-222;	1650;	132.2155450343405;	1.311760261147192;	15.357098897209273
XAL6030-222;	1700;	136.08183604120316;	1.3188719965423705;	15.330411575929018
XAL6030-222;	1750;	139.9536821620982;	1.325506140937088;	15.300584342217807
XAL6030-222;	1800;	143.83052332814108;	1.3317091425285805;	15.26793119505268
XAL6030-222;	1850;	147.71187201481752;	1.3375216279412605;	15.232725784708016
XAL6030-222;	1900;	151.59730200646078;	1.3429792841458814;	15.195207516246919
XAL6030-222;	1950;	155.48643898027714;	1.348113586235318;	15.15558690154306
