XAL6060-333;	50;	56.98891393298952;	0.4516236241149903;	113.86710743801652
XAL6060-333;	100;	113.97782786597908;	0.45162362411499;	113.86710743801652
XAL6060-333;	150;	170.96674179896863;	0.45162362411499013;	113.86710743801653
XAL6060-333;	200;	227.95565573195827;	0.4516236241149895;	113.86710743801645
XAL6060-333;	250;	284.9445696649476;	0.45162362411499024;	113.86710743801655
XAL6060-333;	300;	341.9334835979372;	0.45162362411499013;	113.86710743801652
XAL6060-333;	350;	398.9223975309268;	0.45162362411498996;	113.86710743801648
XAL6060-333;	400;	455.9113114639164;	0.45162362411498985;	113.86710743801646
XAL6060-333;	450;	512.900225396906;	0.45162362411498974;	113.86710743801646
XAL6060-333;	500;	569.8891393298956;	0.45162362411498963;	113.86710743801643
XAL6060-333;	550;	607.0452931495005;	0.6775059067835024;	129.94924231435834
XAL6060-333;	600;	658.9291851299266;	0.8212062960040206;	136.8052429840998
XAL6060-333;	650;	718.6291375048679;	0.9192274162997413;	138.8819592434328
XAL6060-333;	700;	782.7556674066946;	0.9899718911063385;	138.27104385137662
XAL6060-333;	750;	849.5866836792876;	1.0433000912644974;	136.0205407506146
XAL6060-333;	800;	918.1778913255137;	1.0848839475944172;	132.70228020015944
XAL6060-333;	850;	987.9741866347954;	1.1181932579887779;	128.65196315801649
XAL6060-333;	900;	1058.629793412197;	1.1454617452512097;	124.07875521224447
XAL6060-333;	950;	1129.9188189624115;	1.1681893212054744;	119.11944068715175
XAL6060-333;	1000;	1201.687743641441;	1.1874192028417403;	113.86710743801662
XAL6060-333;	1050;	1649.5809471627074;	1.1918093937207983;	113.88370941768417
XAL6060-333;	1100;	2097.4892936175115;	1.1943090120350537;	113.89178258234585
XAL6060-333;	1150;	2545.4047248079896;	1.1959229118243975;	113.895864528302
XAL6060-333;	1200;	2993.324038622732;	1.197051008661779;	113.89775884151187
XAL6060-333;	1250;	3441.2457099160483;	1.1978839562453207;	113.89832477719206
XAL6060-333;	1300;	3889.168919973355;	1.1985241864185834;	113.89802349466544
XAL6060-333;	1350;	4337.09318971827;	1.1990316470589597;	113.89712504667746
XAL6060-333;	1400;	4785.018220306075;	1.1994437582539272;	113.89579780888103
XAL6060-333;	1450;	5232.943815638439;	1.1997850856503662;	113.89415224366272
XAL6060-333;	1500;	5680.869841612586;	1.2000724235806894;	113.89226397474788
XAL6060-333;	1550;	6128.796203523034;	1.2003176428749383;	113.89018633960366
XAL6060-333;	1600;	6576.722832513047;	1.2005293719106158;	113.8879581585181
XAL6060-333;	1650;	7024.649677308741;	1.2007140329198727;	113.885608365241
XAL6060-333;	1700;	7472.5766990397415;	1.200876504712384;	113.88315881870372
XAL6060-333;	1750;	7920.503867585913;	1.2010205600647155;	113.88062652369821
XAL6060-333;	1800;	8368.43115931602;	1.2011491623253168;	113.87802479881488
XAL6060-333;	1850;	8816.358555441593;	1.2012646714365671;	113.87536419957624
XAL6060-333;	1900;	9264.286040747718;	1.2013689900876179;	113.87265334854168
XAL6060-333;	1950;	9712.21360289155;	1.2014636693321175;	113.86989917653486
