XAL6060-562;	50;	15.445471349147285;	0.59786919355064;	17.20859504132231
XAL6060-562;	100;	30.89094269829457;	0.59786919355064;	17.20859504132231
XAL6060-562;	150;	46.336414047441856;	0.59786919355064;	17.208595041322315
XAL6060-562;	200;	61.781885396589146;	0.59786919355064;	17.208595041322315
XAL6060-562;	250;	77.22735674573642;	0.5978691935506402;	17.20859504132232
XAL6060-562;	300;	92.67282809488374;	0.5978691935506397;	17.208595041322297
XAL6060-562;	350;	108.118299444031;	0.59786919355064;	17.208595041322326
XAL6060-562;	400;	123.56377079317828;	0.5978691935506399;	17.208595041322315
XAL6060-562;	450;	139.0092421423256;	0.5978691935506398;	17.208595041322305
XAL6060-562;	500;	154.45471349147286;	0.5978691935506399;	17.208595041322326
XAL6060-562;	550;	155.21076182099554;	0.6780028860480748;	18.32711184602188
XAL6060-562;	600;	156.60016437839028;	0.7477748919988018;	19.053642674638713
XAL6060-562;	650;	158.5077122056796;	0.8088531938505796;	19.463186251951665
XAL6060-562;	700;	160.83795348734316;	0.8626332176870467;	19.616002341995674
XAL6060-562;	750;	163.51409929584827;	0.9102647041799203;	19.55965898705926
XAL6060-562;	800;	166.47501477626207;	0.9526900206306251;	19.331562149374268
XAL6060-562;	850;	169.67207577254356;	0.9906817349781347;	18.961218092556823
XAL6060-562;	900;	173.0664656051149;	1.024875199544593;	18.472053544679667
XAL6060-562;	950;	176.62702194460545;	1.055795314679015;	17.8828067147409
XAL6060-562;	1000;	180.32854717254182;	1.0838781215059203;	17.208595041322326
XAL6060-562;	1050;	194.5421753301868;	1.1093505399625487;	17.38392055463975
XAL6060-562;	1100;	208.840775014786;	1.1304529621045996;	17.511426829511223
XAL6060-562;	1150;	223.20362550666496;	1.1482177299121648;	17.602735763352126
XAL6060-562;	1200;	237.61620488046535;	1.1633766543497435;	17.665998776765967
XAL6060-562;	1250;	252.06804339534824;	1.1764626765911053;	17.707098000063574
XAL6060-562;	1300;	266.551407642397;	1.1878729763898672;	17.73038209641882
XAL6060-562;	1350;	281.0604642997661;	1.197909532502954;	17.73913417163044
XAL6060-562;	1400;	295.59073153432564;	1.2068059884225422;	17.73587930832962
XAL6060-562;	1450;	310.13871040645444;	1.2147459179818652;	17.722590283828836
XAL6060-562;	1500;	324.7016297156444;	1.221875539428218;	17.70083105886243
XAL6060-562;	1550;	339.27726691898334;	1.2283127455128853;	17.671856598948075
XAL6060-562;	1600;	353.86381859261934;	1.2341536397029673;	17.636686158644842
XAL6060-562;	1650;	368.45980601623836;	1.2394773435627093;	17.596156467808857
XAL6060-562;	1700;	383.06400660070545;	1.2443495831200715;	17.550958667311743
XAL6060-562;	1750;	397.6753988957369;	1.2488254106632428;	17.50167187829541
XAL6060-562;	1800;	412.29312446904095;	1.2529512820086235;	17.44878230861012
XAL6060-562;	1850;	426.9164561126382;	1.2567666715533072;	17.392702124197324
XAL6060-562;	1900;	441.5447736590329;	1.2603053355694327;	17.3337831000149
XAL6060-562;	1950;	456.1775450500835;	1.263596310720595;	17.27232723026565
