XAL6060-682;	50;	22.753494629958674;	0.3984763747467803;	22.492561983471074
XAL6060-682;	100;	45.506989259917354;	0.3984763747467801;	22.492561983471074
XAL6060-682;	150;	68.26048388987604;	0.3984763747467802;	22.492561983471077
XAL6060-682;	200;	91.01397851983471;	0.3984763747467802;	22.492561983471077
XAL6060-682;	250;	113.76747314979339;	0.39847637474678005;	22.49256198347107
XAL6060-682;	300;	136.52096777975208;	0.3984763747467801;	22.492561983471063
XAL6060-682;	350;	159.27446240971076;	0.39847637474678005;	22.492561983471067
XAL6060-682;	400;	182.0279570396695;	0.3984763747467796;	22.49256198347104
XAL6060-682;	450;	204.7814516696281;	0.39847637474678005;	22.49256198347107
XAL6060-682;	500;	227.53494629958692;	0.39847637474677944;	22.492561983471
XAL6060-682;	550;	224.7571938048773;	0.5080472712091527;	25.38223959276281
XAL6060-682;	600;	223.53133402668027;	0.6029350908652105;	27.248495545769092
XAL6060-682;	650;	223.61356516377907;	0.6851970145096803;	28.27601284208471
XAL6060-682;	700;	224.76163408113152;	0.7567973525441127;	28.63134634344869
XAL6060-682;	750;	226.7691163533318;	0.8194503184788271;	28.450136205123336
XAL6060-682;	800;	229.46977102795023;	0.8745938572628623;	27.838822149155597
XAL6060-682;	850;	232.73249702351006;	0.9234137107088831;	26.87999498644938
XAL6060-682;	900;	236.45445823029047;	0.9668818046295418;	25.637758878402728
XAL6060-682;	950;	240.55482313090334;	1.0057946461926381;	24.162152578604985
XAL6060-682;	1000;	244.96968305415908;	1.0408069272685392;	22.49256198347098
XAL6060-682;	1050;	265.1147066198819;	1.069097601514823;	22.776063578581404
XAL6060-682;	1100;	285.40044647689456;	1.0922975839705293;	22.9798579119957
XAL6060-682;	1150;	305.7910668304843;	1.1116628628226792;	23.124198333327588
XAL6060-682;	1200;	326.2618832712204;	1.1280689316000085;	23.22303952150135
XAL6060-682;	1250;	346.7953591876317;	1.1421443164639484;	23.286300856379288
XAL6060-682;	1300;	367.3787045908408;	1.1543517099894642;	23.321221386135814
XAL6060-682;	1350;	388.0023775077343;	1.1650391670319915;	23.333205408665307
XAL6060-682;	1400;	408.65911532402527;	1.1744734786416673;	23.326371103741923
XAL6060-682;	1450;	429.3432991516288;	1.182862533660067;	23.30390375905793
XAL6060-682;	1500;	450.0505101535057;	1.1903707111971786;	23.268312476196982
XAL6060-682;	1550;	470.7772285659312;	1.1971296784615932;	23.221596316658427
XAL6060-682;	1600;	491.5206155717898;	1.2032461352018524;	23.165369018613607
XAL6060-682;	1650;	512.2783569379862;	1.2088074572846814;	23.10094671999372
XAL6060-682;	1700;	533.0485473923959;	1.2138858778727868;	23.029413455267438
XAL6060-682;	1750;	553.8296040029968;	1.218541629279659;	22.951670515753626
XAL6060-682;	1800;	574.6202006074193;	1.2228253343363777;	22.868473724237127
XAL6060-682;	1850;	595.4192188596588;	1.2267798464799862;	22.780460009360514
XAL6060-682;	1900;	616.2257079158609;	1.230441685969586;	22.688171787435397
XAL6060-682;	1950;	637.0388548994703;	1.2338421665116766;	22.59207277088202
