XAL6060-103;	50;	20.489501804933504;	0.84127498319256;	32.132231404958674
XAL6060-103;	100;	40.97900360986699;	0.8412749831925603;	32.132231404958674
XAL6060-103;	150;	61.4685054148005;	0.8412749831925602;	32.13223140495868
XAL6060-103;	200;	81.95800721973397;	0.8412749831925606;	32.132231404958695
XAL6060-103;	250;	102.44750902466747;	0.8412749831925606;	32.132231404958695
XAL6060-103;	300;	122.93701082960084;	0.8412749831925616;	32.132231404958745
XAL6060-103;	350;	143.4265126345345;	0.84127498319256;	32.13223140495868
XAL6060-103;	400;	163.916014439468;	0.8412749831925601;	32.13223140495868
XAL6060-103;	450;	184.40551624440153;	0.84127498319256;	32.13223140495866
XAL6060-103;	500;	204.895018049335;	0.8412749831925601;	32.13223140495867
XAL6060-103;	550;	217.34225086982826;	0.9230185138703778;	33.33750418788331
XAL6060-103;	600;	230.68118715231532;	0.9869987103608943;	34.02527162458408
XAL6060-103;	650;	244.63701092564494;	1.0383296296403082;	34.355730565436225
XAL6060-103;	700;	259.0341472414797;	1.0803717629331766;	34.43056776272919
XAL6060-103;	750;	273.7565165358015;	1.1154090295714694;	34.316827710082485
XAL6060-103;	800;	288.7248260280639;	1.14504160227436;	34.06027331355744
XAL6060-103;	850;	303.8832931600215;	1.1704210993159136;	33.69310780006617
XAL6060-103;	900;	319.19164079263567;	1.1923960622458747;	33.23860610605974
XAL6060-103;	950;	334.6201155724284;	1.2116047741277032;	32.713982430537776
XAL6060-103;	1000;	350.14628998202795;	1.2285361902146605;	32.13223140495879
XAL6060-103;	1050;	390.6236817987602;	1.227127639963804;	32.133289295949005
XAL6060-103;	1100;	431.1016033858029;	1.225980946869089;	32.134049788370135
XAL6060-103;	1150;	471.57991981430825;	1.2250293006144461;	32.13458865302779
XAL6060-103;	1200;	512.0585383649365;	1.224226837392518;	32.13495795132047
XAL6060-103;	1250;	552.5373932793254;	1.223541027460962;	32.13519459717133
XAL6060-103;	1300;	593.0164365522185;	1.222948157883274;	32.135325542711385
XAL6060-103;	1350;	633.4956323759502;	1.2224305348533657;	32.13537088554752
XAL6060-103;	1400;	673.9749534732038;	1.2219746879018174;	32.135345935489944
XAL6060-103;	1450;	714.4543787052055;	1.2215701807604131;	32.13526255491791
XAL6060-103;	1500;	754.9338914307812;	1.2212088026034789;	32.135130088030586
XAL6060-103;	1550;	795.4134783813531;	1.220884004865106;	32.13495597670364
XAL6060-103;	1600;	835.8931288397862;	1.220590500863296;	32.13474623523767
XAL6060-103;	1650;	876.372834060638;	1.2203239758143616;	32.13450576737176
XAL6060-103;	1700;	916.852586823056;	1.2200808733184076;	32.13423863435189
XAL6060-103;	1750;	957.3323811360093;	1.2198582357305914;	32.13394818903074
XAL6060-103;	1800;	997.8122119657181;	1.2196535832624669;	32.13363725924654
XAL6060-103;	1850;	1038.292075062398;	1.2194648212122523;	32.133308229309726
XAL6060-103;	1900;	1078.77196681203;	1.2192901680096624;	32.13296312568992
XAL6060-103;	1950;	1119.2518841191006;	1.2191280988143818;	32.13260368621957
