XAL6030-332;	50;	6.355480844201326;	0.9664840690979605;	23.706446280991738
XAL6030-332;	100;	12.71096168840266;	0.9664840690979598;	23.706446280991734
XAL6030-332;	150;	19.06644253260399;	0.9664840690979599;	23.706446280991734
XAL6030-332;	200;	25.421923376805324;	0.9664840690979597;	23.70644628099173
XAL6030-332;	250;	31.777404221006663;	0.9664840690979594;	23.706446280991727
XAL6030-332;	300;	38.13288506520799;	0.9664840690979595;	23.706446280991727
XAL6030-332;	350;	44.488365909409325;	0.9664840690979595;	23.706446280991727
XAL6030-332;	400;	50.843846753610656;	0.9664840690979595;	23.706446280991724
XAL6030-332;	450;	57.199327597811944;	0.9664840690979601;	23.706446280991745
XAL6030-332;	500;	63.55480844201327;	0.9664840690979603;	23.70644628099175
XAL6030-332;	550;	68.34118728524118;	1.0048384347785675;	23.803568340254607
XAL6030-332;	600;	73.19382574013274;	1.0361555268332885;	23.862607600640203
XAL6030-332;	650;	78.09543891976526;	1.0621972057258533;	23.893494449059833
XAL6030-332;	700;	83.0342136637104;	1.084186002230358;	23.903008838955053
XAL6030-332;	750;	88.00182267116786;	1.102995636437932;	23.895928731422515
XAL6030-332;	800;	92.9922369547096;	1.1192665540837439;	23.87571388813573
XAL6030-332;	850;	98.00098918828232;	1.1334786018699325;	23.844928906103377
XAL6030-332;	900;	103.02470150428651;	1.1459982301007474;	23.80551403966127
XAL6030-332;	950;	108.06077415001842;	1.1571100234146894;	23.758963452769038
XAL6030-332;	1000;	113.107174382276;	1.16703829652183;	23.70644628099173
XAL6030-332;	1050;	126.59305952316312;	1.17785872082632;	23.724540739391607
XAL6030-332;	1100;	140.08870049195656;	1.1864439553181738;	23.73715432562969
XAL6030-332;	1150;	153.59132869430366;	1.1934215481242942;	23.745839755064164
XAL6030-332;	1200;	167.0991321130706;	1.199204291184173;	23.751614036839033
XAL6030-332;	1250;	180.61087520376637;	1.2040748259089555;	23.755171068482444
XAL6030-332;	1300;	194.12568656945146;	1.2082331804885464;	23.757000555557088
XAL6030-332;	1350;	207.64293410748917;	1.2118248931040358;	23.75745786371501
XAL6030-332;	1400;	221.1621481152399;	1.2149583811098823;	23.756807210032875
XAL6030-332;	1450;	234.6829723472852;	1.2177160649375711;	23.75524902838519
XAL6030-332;	1500;	248.205131675962;	1.2201617188063318;	23.75293819032149
XAL6030-332;	1550;	261.7284102527918;	1.2223454609004702;	23.749996246384686
XAL6030-332;	1600;	275.25263638895416;	1.224307222449958;	23.74651988555689
XAL6030-332;	1650;	288.7776717917406;	1.2260792106679907;	23.742587016041366
XAL6030-332;	1700;	302.30340382845736;	1.2276876900434839;	23.738261106612992
XAL6030-332;	1750;	315.8297398309552;	1.2291542924898078;	23.733594392349314
XAL6030-332;	1800;	329.35660288379944;	1.2304969954605027;	23.728630220285975
XAL6030-332;	1850;	342.8839285786982;	1.2317308624469359;	23.723404918852417
XAL6030-332;	1900;	356.41166260716193;	1.2328686102707933;	23.717949104014643
XAL6030-332;	1950;	369.9397588223402;	1.2339210489816905;	23.7122888161301
