XAL6060-153;	50;	21.844130404810944;	0.9068983825220204;	47.32958677685951
XAL6060-153;	100;	43.68826080962187;	0.9068983825220206;	47.329586776859514
XAL6060-153;	150;	65.53239121443282;	0.9068983825220207;	47.329586776859514
XAL6060-153;	200;	87.37652161924379;	0.9068983825220202;	47.32958677685951
XAL6060-153;	250;	109.22065202405474;	0.9068983825220202;	47.3295867768595
XAL6060-153;	300;	131.06478242886564;	0.9068983825220204;	47.32958677685952
XAL6060-153;	350;	152.90891283367662;	0.9068983825220203;	47.329586776859514
XAL6060-153;	400;	174.75304323848752;	0.9068983825220206;	47.32958677685955
XAL6060-153;	450;	196.59717364329856;	0.9068983825220199;	47.32958677685951
XAL6060-153;	500;	218.44130404810934;	0.9068983825220207;	47.32958677685957
XAL6060-153;	550;	229.66083963446835;	1.0223829148923818;	49.561626098756555
XAL6060-153;	600;	242.69993602437165;	1.1094900924396105;	50.76619871358525
XAL6060-153;	650;	256.9198596026232;	1.1773021266172585;	51.30276468324735
XAL6060-153;	700;	271.940875992227;	1.2314876584278984;	51.38429814858494
XAL6060-153;	750;	287.52700057580574;	1.2757285491525048;	51.14330919254033
XAL6060-153;	800;	303.5252156852968;	1.312505805139601;	50.665992292240645
XAL6060-153;	850;	319.83249465594923;	1.3435463056772794;	50.01061106350309
XAL6060-153;	900;	336.37716325857645;	1.370086414754812;	49.21786873060576
XAL6060-153;	950;	353.107929548067;	1.3930332842358581;	48.317013985099614
XAL6060-153;	1000;	369.9871751649828;	1.41306691493768;	47.32958677685954
XAL6060-153;	1050;	402.1070823305089;	1.4175494256540015;	47.3421411072569
XAL6060-153;	1100;	434.2327579398748;	1.4213400179775766;	47.351527382612666
XAL6060-153;	1150;	466.36295241992997;	1.4245874045976041;	47.358430207629304
XAL6060-153;	1200;	498.4967527628731;	1.4274005340332165;	47.36335018697227
XAL6060-153;	1250;	530.6334763538079;	1.4298610475647664;	47.366661878384654
XAL6060-153;	1300;	562.7726026428646;	1.432031329631944;	47.36865108611836
XAL6060-153;	1350;	594.9137277273963;	1.4339598690618403;	47.36953968246141
XAL6060-153;	1400;	627.0565334022821;	1.4356849237114386;	47.36950259804154
XAL6060-153;	1450;	659.2007656558907;	1.437237083413296;	47.36867943542258
XAL6060-153;	1500;	691.3462191471577;	1.4386410995006078;	47.367183188266964
XAL6060-153;	1550;	723.4927261559244;	1.439917214166739;	47.36510614312641
XAL6060-153;	1600;	755.6401483441364;	1.4410821425315496;	47.36252445086291
XAL6060-153;	1650;	787.7883705640947;	1.4421498088043216;	47.359501489791406
XAL6060-153;	1700;	819.9372961990431;	1.443131905404527;	47.356090493583174
XAL6060-153;	1750;	852.0868435930093;	1.4440383228558367;	47.352336446092785
XAL6060-153;	1800;	884.2369432729661;	1.4448774839998564;	47.34827760720821
XAL6060-153;	1850;	916.3875357146266;	1.445656606534241;	47.34394680791745
XAL6060-153;	1900;	948.5385696748709;	1.4463819110563998;	47.33937228046624
XAL6060-153;	1950;	980.6900007664264;	1.447058787525589;	47.33457850172876
