XAL7050-223;	50;	36.4273647537655;	1.4068282256721405;	71.40495867768594
XAL7050-223;	100;	72.85473059315115;	1.4068282256721396;	71.40495867768591
XAL7050-223;	150;	109.7772872503078;	1.424509919003761;	71.41265070059194
XAL7050-223;	200;	146.71397655947789;	1.4330820918427005;	71.41256440341738
XAL7050-223;	250;	183.65608167871744;	1.4381424147566066;	71.40949157926349
XAL7050-223;	300;	220.60084612225964;	1.4414820570275901;	71.40495867768598
XAL7050-223;	350;	266.41373337301343;	1.4492725132933326;	71.41101733567844
XAL7050-223;	400;	312.2362103149862;	1.4547104072276318;	71.41181242032778
XAL7050-223;	450;	358.06447736837777;	1.4587215487669096;	71.40942237838183
XAL7050-223;	500;	403.8965110587155;	1.4618023136713298;	71.40495867768593
XAL7050-223;	550;	481.8842626064917;	1.4249127901289114;	71.96974765446595
XAL7050-223;	600;	560.3030468450489;	1.396678519726761;	72.29435177497722
XAL7050-223;	650;	639.0219743260994;	1.3743788020218295;	72.45254577154702
XAL7050-223;	700;	717.9581122614866;	1.3563234099758537;	72.49075852754964
XAL7050-223;	750;	797.0564226523674;	1.341407510269651;	72.43964746995327
XAL7050-223;	800;	876.2789722084161;	1.3288786922956735;	72.32025866841497
XAL7050-223;	850;	955.5987769136593;	1.3182069589319574;	72.14752000187995
XAL7050-223;	900;	1034.9961270509991;	1.309008264611795;	71.93230621842217
XAL7050-223;	950;	1114.4562928020339;	1.30099754933547;	71.68272871611028
XAL7050-223;	1000;	1193.968047818274;	1.29395879833759;	71.40495867768591
XAL7050-223;	1050;	1400.426562048981;	1.2855654435247679;	71.50884435043352
XAL7050-223;	1100;	1606.9478677782195;	1.279245095458153;	71.5776287410699
XAL7050-223;	1150;	1813.5114018517472;	1.2743142469134905;	71.62282563580894
XAL7050-223;	1200;	2020.104695422344;	1.2703600992086408;	71.65140958069094
XAL7050-223;	1250;	2226.7197476161905;	1.267118624959162;	71.66785271357904
XAL7050-223;	1300;	2433.351189600134;	1.2644130898342025;	71.67515429490335
XAL7050-223;	1350;	2639.995284418956;	1.2621207323639991;	71.6754008868717
XAL7050-223;	1400;	2846.6493509842944;	1.2601536226897132;	71.67008874124961
XAL7050-223;	1450;	3053.311414965867;	1.258447127824714;	71.6603201607517
XAL7050-223;	1500;	3259.979992439924;	1.2569526750426703;	71.64692151697469
XAL7050-223;	1550;	3466.6539440000256;	1.2556330560721682;	71.63052879851595
XAL7050-223;	1600;	3673.332381627821;	1.2544592868146043;	71.61163717045476
XAL7050-223;	1650;	3880.014602512735;	1.2534084542550965;	71.5906386661985
XAL7050-223;	1700;	4086.700043718558;	1.252462205890856;	71.56784679925289
XAL7050-223;	1750;	4293.388248631278;	1.251605668996026;	71.54351594240256
XAL7050-223;	1800;	4500.078842977243;	1.2508266632170357;	71.51785469118207
XAL7050-223;	1850;	4706.771517273556;	1.2501151176801124;	71.49103534754235
XAL7050-223;	1900;	4913.466013110672;	1.249462633331173;	71.46320196620114
XAL7050-223;	1950;	5120.162113191934;	1.2488621498204249;	71.4344756397374
