XAL7050-153;	50;	16.806846910181612;	1.3999999999999995;	41.65289256198346
XAL7050-153;	100;	33.613693820363196;	1.4000000000000001;	41.65289256198347
XAL7050-153;	150;	50.42054073054481;	1.4000000000000001;	41.65289256198347
XAL7050-153;	200;	67.2273876407264;	1.3999999999999997;	41.65289256198347
XAL7050-153;	250;	84.03423455090798;	1.4000000000000001;	41.65289256198348
XAL7050-153;	300;	100.84108146108962;	1.4;	41.652892561983464
XAL7050-153;	350;	117.64792837127122;	1.3999999999999997;	41.652892561983464
XAL7050-153;	400;	134.4547752814528;	1.3999999999999997;	41.65289256198346
XAL7050-153;	450;	151.26162219163433;	1.4000000000000004;	41.65289256198351
XAL7050-153;	500;	168.06846910181602;	1.4;	41.65289256198348
XAL7050-153;	550;	188.12825412364572;	1.4;	41.65289256198347
XAL7050-153;	600;	208.18803914547544;	1.4;	41.65289256198346
XAL7050-153;	650;	228.24782416730528;	1.3999999999999997;	41.652892561983386
XAL7050-153;	700;	248.3076091891349;	1.3999999999999997;	41.65289256198343
XAL7050-153;	750;	268.3673942109646;	1.3999999999999995;	41.652892561983414
XAL7050-153;	800;	288.4271792327943;	1.3999999999999997;	41.652892561983435
XAL7050-153;	850;	308.48696425462407;	1.3999999999999995;	41.65289256198337
XAL7050-153;	900;	328.54674927645385;	1.3999999999999992;	41.65289256198337
XAL7050-153;	950;	348.6065342982836;	1.3999999999999992;	41.65289256198327
XAL7050-153;	1000;	368.66631932011325;	1.3999999999999992;	41.65289256198331
XAL7050-153;	1050;	410.6834365955671;	1.3999999999999997;	41.652892561983386
XAL7050-153;	1100;	452.70055387102116;	1.3999999999999997;	41.652892561983386
XAL7050-153;	1150;	494.71767114647525;	1.3999999999999995;	41.65289256198334
XAL7050-153;	1200;	536.7347884219291;	1.3999999999999997;	41.65289256198344
XAL7050-153;	1250;	578.7519056973832;	1.3999999999999995;	41.652892561983386
XAL7050-153;	1300;	620.7690229728364;	1.4000000000000006;	41.652892561983826
XAL7050-153;	1350;	662.786140248291;	1.4;	41.65289256198349
XAL7050-153;	1400;	704.8032575237448;	1.4000000000000001;	41.652892561983556
XAL7050-153;	1450;	746.8203747991988;	1.4;	41.652892561983535
XAL7050-153;	1500;	788.837492074653;	1.3999999999999997;	41.65289256198345
XAL7050-153;	1550;	830.8546093501058;	1.4000000000000015;	41.652892561983954
XAL7050-153;	1600;	872.8717266255604;	1.4000000000000001;	41.652892561983684
XAL7050-153;	1650;	914.8888439010149;	1.3999999999999997;	41.65289256198346
XAL7050-153;	1700;	956.9059611764682;	1.4000000000000008;	41.65289256198381
XAL7050-153;	1750;	998.9230784519225;	1.4000000000000006;	41.65289256198362
XAL7050-153;	1800;	1040.9401957273774;	1.3999999999999997;	41.65289256198314
XAL7050-153;	1850;	1082.9573130028298;	1.4000000000000008;	41.652892561983904
XAL7050-153;	1900;	1124.974430278284;	1.4000000000000004;	41.652892561983776
XAL7050-153;	1950;	1166.9915475537382;	1.4000000000000006;	41.652892561983755
