XAL7030-222;	50;	2.0660766875882706;	1.0999999999999999;	16.304132231404957
XAL7030-222;	100;	4.132153375176543;	1.0999999999999996;	16.304132231404957
XAL7030-222;	150;	6.198230062764813;	1.0999999999999999;	16.304132231404957
XAL7030-222;	200;	8.264306750353084;	1.0999999999999996;	16.304132231404957
XAL7030-222;	250;	10.330383437941354;	1.0999999999999999;	16.304132231404957
XAL7030-222;	300;	12.396460125529623;	1.1;	16.304132231404957
XAL7030-222;	350;	14.462536813117897;	1.0999999999999999;	16.304132231404953
XAL7030-222;	400;	16.528613500706157;	1.1000000000000005;	16.30413223140496
XAL7030-222;	450;	18.59469018829444;	1.0999999999999996;	16.30413223140495
XAL7030-222;	500;	20.66076687588271;	1.0999999999999996;	16.304132231404953
XAL7030-222;	550;	23.382704462278774;	1.1;	16.304132231404957
XAL7030-222;	600;	26.10464204867485;	1.0999999999999999;	16.304132231404953
XAL7030-222;	650;	28.826579635070924;	1.1;	16.30413223140496
XAL7030-222;	700;	31.548517221466984;	1.1;	16.30413223140496
XAL7030-222;	750;	34.27045480786306;	1.1000000000000003;	16.30413223140496
XAL7030-222;	800;	36.99239239425913;	1.1;	16.304132231404964
XAL7030-222;	850;	39.7143299806552;	1.1000000000000003;	16.304132231404957
XAL7030-222;	900;	42.43626756705127;	1.1000000000000003;	16.30413223140496
XAL7030-222;	950;	45.158205153447355;	1.0999999999999999;	16.30413223140495
XAL7030-222;	1000;	47.880142739843414;	1.0999999999999999;	16.304132231404953
XAL7030-222;	1050;	50.69636577533126;	1.0999999999999999;	16.30413223140495
XAL7030-222;	1100;	53.51258881081906;	1.1000000000000005;	16.30413223140497
XAL7030-222;	1150;	56.32881184630692;	1.1;	16.30413223140496
XAL7030-222;	1200;	59.14503488179478;	1.0999999999999996;	16.30413223140495
XAL7030-222;	1250;	61.96125791728257;	1.1000000000000005;	16.304132231404967
XAL7030-222;	1300;	64.77748095277045;	1.0999999999999996;	16.304132231404942
XAL7030-222;	1350;	67.59370398825823;	1.1000000000000005;	16.30413223140497
XAL7030-222;	1400;	70.40992702374606;	1.1000000000000003;	16.304132231404974
XAL7030-222;	1450;	73.22615005923392;	1.1000000000000003;	16.304132231404967
XAL7030-222;	1500;	76.04237309472175;	1.1000000000000003;	16.304132231404964
XAL7030-222;	1550;	78.85859613020955;	1.1000000000000008;	16.30413223140498
XAL7030-222;	1600;	81.67481916569741;	1.1000000000000003;	16.304132231404957
XAL7030-222;	1650;	84.49104220118525;	1.1;	16.30413223140496
XAL7030-222;	1700;	87.30726523667312;	1.1000000000000003;	16.30413223140495
XAL7030-222;	1750;	90.12348827216096;	1.0999999999999999;	16.30413223140495
XAL7030-222;	1800;	92.93971130764858;	1.1000000000000019;	16.304132231405056
XAL7030-222;	1850;	95.75593434313662;	1.0999999999999996;	16.30413223140495
XAL7030-222;	1900;	98.57215737862442;	1.1000000000000003;	16.304132231404964
XAL7030-222;	1950;	101.38838041411226;	1.1;	16.30413223140496
