XAL7070-102;	50;	1.6362942189562006;	1.1000000000000003;	3.034710743801653
XAL7070-102;	100;	3.272588437912403;	1.0999999999999999;	3.0347107438016523
XAL7070-102;	150;	4.908882656868602;	1.1000000000000003;	3.0347107438016536
XAL7070-102;	200;	6.545176875824805;	1.0999999999999999;	3.034710743801652
XAL7070-102;	250;	8.181471094781006;	1.0999999999999999;	3.034710743801652
XAL7070-102;	300;	9.817765313737203;	1.1;	3.034710743801653
XAL7070-102;	350;	11.454059532693407;	1.1;	3.034710743801653
XAL7070-102;	400;	13.09035375164961;	1.0999999999999999;	3.034710743801652
XAL7070-102;	450;	14.726647970605816;	1.0999999999999994;	3.034710743801648
XAL7070-102;	500;	16.362942189562016;	1.0999999999999994;	3.0347107438016487
XAL7070-102;	550;	18.370494058175833;	1.0999999999999996;	3.0347107438016487
XAL7070-102;	600;	20.378045926789646;	1.0999999999999999;	3.0347107438016536
XAL7070-102;	650;	22.385597795403463;	1.0999999999999999;	3.034710743801653
XAL7070-102;	700;	24.393149664017276;	1.0999999999999999;	3.0347107438016523
XAL7070-102;	750;	26.4007015326311;	1.0999999999999999;	3.0347107438016487
XAL7070-102;	800;	28.408253401244917;	1.0999999999999996;	3.0347107438016456
XAL7070-102;	850;	30.415805269858712;	1.1000000000000003;	3.034710743801662
XAL7070-102;	900;	32.42335713847254;	1.1;	3.0347107438016527
XAL7070-102;	950;	34.43090900708633;	1.1000000000000008;	3.034710743801668
XAL7070-102;	1000;	36.43846087570016;	1.1;	3.0347107438016554
XAL7070-102;	1050;	38.95979337913816;	1.0999999999999999;	3.0347107438016483
XAL7070-102;	1100;	41.481125882576144;	1.1;	3.034710743801656
XAL7070-102;	1150;	44.00245838601413;	1.1;	3.034710743801657
XAL7070-102;	1200;	46.52379088945215;	1.0999999999999996;	3.034710743801648
XAL7070-102;	1250;	49.045123392890126;	1.1;	3.0347107438016483
XAL7070-102;	1300;	51.5664558963281;	1.1;	3.0347107438016576
XAL7070-102;	1350;	54.087788399766126;	1.0999999999999994;	3.034710743801638
XAL7070-102;	1400;	56.609120903204136;	1.0999999999999992;	3.034710743801625
XAL7070-102;	1450;	59.130453406642076;	1.1;	3.0347107438016554
XAL7070-102;	1500;	61.651785910080065;	1.1000000000000003;	3.034710743801653
XAL7070-102;	1550;	64.17311841351808;	1.0999999999999994;	3.0347107438016354
XAL7070-102;	1600;	66.69445091695606;	1.0999999999999999;	3.034710743801646
XAL7070-102;	1650;	69.21578342039405;	1.0999999999999999;	3.034710743801644
XAL7070-102;	1700;	71.73711592383205;	1.0999999999999996;	3.0347107438016416
XAL7070-102;	1750;	74.25844842727004;	1.0999999999999999;	3.034710743801639
XAL7070-102;	1800;	76.77978093070801;	1.0999999999999999;	3.0347107438016443
XAL7070-102;	1850;	79.301113434146;	1.0999999999999999;	3.0347107438016385
XAL7070-102;	1900;	81.82244593758395;	1.1000000000000005;	3.0347107438016576
XAL7070-102;	1950;	84.34377844102194;	1.1000000000000005;	3.034710743801665
