XAL7030-152;	50;	1.4782956488612045;	1.0999999999999999;	9.044628099173552
XAL7030-152;	100;	2.9565912977224094;	1.0999999999999996;	9.044628099173552
XAL7030-152;	150;	4.434886946583613;	1.1;	9.044628099173554
XAL7030-152;	200;	5.913182595444815;	1.1000000000000003;	9.044628099173554
XAL7030-152;	250;	7.391478244306022;	1.0999999999999999;	9.044628099173552
XAL7030-152;	300;	8.86977389316722;	1.1000000000000005;	9.044628099173552
XAL7030-152;	350;	10.348069542028425;	1.1000000000000005;	9.044628099173554
XAL7030-152;	400;	11.826365190889634;	1.1;	9.044628099173552
XAL7030-152;	450;	13.30466083975084;	1.1;	9.044628099173552
XAL7030-152;	500;	14.78295648861204;	1.1000000000000003;	9.044628099173552
XAL7030-152;	550;	16.635639513807053;	1.1;	9.044628099173552
XAL7030-152;	600;	18.48832253900207;	1.0999999999999999;	9.044628099173549
XAL7030-152;	650;	20.34100556419707;	1.1000000000000005;	9.044628099173556
XAL7030-152;	700;	22.193688589392085;	1.0999999999999999;	9.044628099173547
XAL7030-152;	750;	24.046371614587102;	1.0999999999999999;	9.044628099173549
XAL7030-152;	800;	25.899054639782104;	1.1;	9.044628099173552
XAL7030-152;	850;	27.751737664977103;	1.1000000000000005;	9.044628099173561
XAL7030-152;	900;	29.604420690172137;	1.0999999999999996;	9.044628099173545
XAL7030-152;	950;	31.457103715367143;	1.0999999999999999;	9.044628099173542
XAL7030-152;	1000;	33.30978674056214;	1.1;	9.044628099173552
XAL7030-152;	1050;	35.09475989351041;	1.0999999999999999;	9.044628099173545
XAL7030-152;	1100;	36.87973304645864;	1.1;	9.044628099173552
XAL7030-152;	1150;	38.6647061994069;	1.1;	9.044628099173552
XAL7030-152;	1200;	40.449679352355176;	1.0999999999999994;	9.044628099173538
XAL7030-152;	1250;	42.2346525053034;	1.1;	9.044628099173554
XAL7030-152;	1300;	44.01962565825165;	1.1;	9.044628099173554
XAL7030-152;	1350;	45.80459881119991;	1.0999999999999999;	9.044628099173549
XAL7030-152;	1400;	47.58957196414817;	1.0999999999999999;	9.044628099173542
XAL7030-152;	1450;	49.37454511709641;	1.1;	9.04462809917355
XAL7030-152;	1500;	51.159518270044686;	1.0999999999999996;	9.04462809917354
XAL7030-152;	1550;	52.94449142299289;	1.1000000000000003;	9.044628099173563
XAL7030-152;	1600;	54.72946457594114;	1.1000000000000005;	9.044628099173561
XAL7030-152;	1650;	56.51443772888944;	1.0999999999999996;	9.044628099173538
XAL7030-152;	1700;	58.29941088183766;	1.1000000000000003;	9.044628099173556
XAL7030-152;	1750;	60.084384034785934;	1.0999999999999996;	9.044628099173543
XAL7030-152;	1800;	61.86935718773417;	1.1;	9.04462809917355
XAL7030-152;	1850;	63.654330340682414;	1.1;	9.044628099173554
XAL7030-152;	1900;	65.43930349363067;	1.1;	9.044628099173547
XAL7030-152;	1950;	67.22427664657894;	1.0999999999999999;	9.044628099173542
