XAL7050-333;	50;	68.93505354286795;	1.4364861238369193;	89.2561983471074
XAL7050-333;	100;	137.87010914016048;	1.4364861238369204;	89.25619834710741
XAL7050-333;	150;	205.28730129773072;	1.485305782723102;	89.36252197125108
XAL7050-333;	200;	272.9024568981831;	1.5083975389030038;	89.36029983770659
XAL7050-333;	250;	340.59049614253485;	1.521855609244618;	89.31788380392172
XAL7050-333;	300;	408.3133920360244;	1.5306676662900398;	89.25619834710739
XAL7050-333;	350;	493.4608439526083;	1.5117620817595792;	89.32716513988048
XAL7050-333;	400;	578.7176522374475;	1.498017014795902;	89.33804531823405
XAL7050-333;	450;	664.0449911765255;	1.4875738416263495;	89.31028073533253
XAL7050-333;	500;	749.4204686951588;	1.47937061764646;	89.2561983471074
XAL7050-333;	550;	893.1490872788263;	1.4364257547626325;	90.73130345332729
XAL7050-333;	600;	1037.9772007669865;	1.403162724345735;	91.59256764743122
XAL7050-333;	650;	1183.5856611948266;	1.3766482546017267;	92.0207875085557
XAL7050-333;	700;	1329.7673287079897;	1.3550226337999165;	92.132330826523
XAL7050-333;	750;	1476.3821048891548;	1.3370506431395697;	92.00541620193843
XAL7050-333;	800;	1623.3319431015955;	1.3218801499011317;	91.69451920996089
XAL7050-333;	850;	1770.5462178134503;	1.30890449826974;	91.23873539322648
XAL7050-333;	900;	1917.97279363467;	1.2976801653216086;	90.66683657606727
XAL7050-333;	950;	2065.5723606875595;	1.2878754440917528;	90.00046246139914
XAL7050-333;	1000;	2213.314728040241;	1.2792373319530095;	89.25619834710635
XAL7050-333;	1050;	2361.176330002783;	1.2715695166892425;	88.44696675657215
XAL7050-333;	1100;	2509.138505670423;	1.2647173542988164;	87.5829861388194
XAL7050-333;	1150;	2657.1862894281644;	1.258557378857708;	86.672439817087
XAL7050-333;	1200;	2805.307537572136;	1.2529898287929546;	85.72196338950306
XAL7050-333;	1250;	2953.4923018726304;	1.2479332200697122;	84.73698086675738
XAL7050-333;	1300;	3101.732341623438;	1.2433203501566472;	83.7219922728332
XAL7050-333;	1350;	3250.0207936213415;	1.2390952966490396;	82.68072638716694
XAL7050-333;	1400;	3398.3518788647407;	1.2352111517883217;	81.61632934273113
XAL7050-333;	1450;	3546.720671886811;	1.2316282826123948;	80.53151484458498
XAL7050-333;	1500;	3695.1230454774486;	1.2283129518113352;	79.42847361332133
XAL7050-333;	1550;	3843.5553906157174;	1.2252362902620446;	78.30919866892067
XAL7050-333;	1600;	3992.0146178396794;	1.2223734315835402;	77.17536916742293
XAL7050-333;	1650;	4140.498044407467;	1.2197028471946962;	76.02844514955876
XAL7050-333;	1700;	4289.003362098822;	1.2172057984206828;	74.86964977640963
XAL7050-333;	1750;	4437.5285129369395;	1.214865910901543;	73.70011409464219
XAL7050-333;	1800;	4586.071672658971;	1.212668809371362;	72.52085919751319
XAL7050-333;	1850;	4734.631293775041;	1.2106018087441262;	71.332679498041
XAL7050-333;	1900;	4883.205930942448;	1.208653695030935;	70.1364027492246
XAL7050-333;	1950;	5031.794374101869;	1.2068144947138333;	68.93263967802262
