XAL7050-103;	50;	9.72899429742592;	1.2000000000000002;	29.752066115702476
XAL7050-103;	100;	19.45798859485184;	1.2;	29.752066115702476
XAL7050-103;	150;	29.186982892277765;	1.2000000000000002;	29.752066115702473
XAL7050-103;	200;	38.91597718970368;	1.2000000000000002;	29.75206611570248
XAL7050-103;	250;	48.6449714871296;	1.2;	29.752066115702473
XAL7050-103;	300;	58.3739657845555;	1.2000000000000004;	29.75206611570248
XAL7050-103;	350;	68.10296008198144;	1.2000000000000004;	29.75206611570248
XAL7050-103;	400;	77.83195437940732;	1.2000000000000006;	29.752066115702497
XAL7050-103;	450;	87.56094867683328;	1.2000000000000002;	29.75206611570247
XAL7050-103;	500;	97.2899429742592;	1.2000000000000002;	29.752066115702462
XAL7050-103;	550;	109.51355119410205;	1.2000000000000002;	29.752066115702473
XAL7050-103;	600;	121.73715941394494;	1.2;	29.752066115702466
XAL7050-103;	650;	133.96076763378775;	1.2000000000000004;	29.752066115702487
XAL7050-103;	700;	146.1843758536306;	1.2000000000000004;	29.752066115702494
XAL7050-103;	750;	158.4079840734735;	1.2000000000000002;	29.752066115702466
XAL7050-103;	800;	170.63159229331632;	1.2000000000000004;	29.752066115702473
XAL7050-103;	850;	182.85520051315922;	1.2;	29.752066115702448
XAL7050-103;	900;	195.0788087330021;	1.1999999999999997;	29.752066115702437
XAL7050-103;	950;	207.3024169528449;	1.2;	29.752066115702476
XAL7050-103;	1000;	219.52602517268767;	1.2000000000000004;	29.75206611570249
XAL7050-103;	1050;	239.85712864038535;	1.2000000000000002;	29.752066115702494
XAL7050-103;	1100;	260.1882321080831;	1.1999999999999997;	29.752066115702437
XAL7050-103;	1150;	280.5193355757807;	1.2000000000000002;	29.75206611570249
XAL7050-103;	1200;	300.85043904347833;	1.2000000000000002;	29.752066115702497
XAL7050-103;	1250;	321.181542511176;	1.2000000000000002;	29.752066115702483
XAL7050-103;	1300;	341.51264597887376;	1.2;	29.752066115702448
XAL7050-103;	1350;	361.8437494465713;	1.2000000000000002;	29.752066115702508
XAL7050-103;	1400;	382.17485291426846;	1.2000000000000015;	29.75206611570282
XAL7050-103;	1450;	402.50595638196694;	1.1999999999999995;	29.752066115702355
XAL7050-103;	1500;	422.83705984966434;	1.2;	29.752066115702462
XAL7050-103;	1550;	443.168163317362;	1.1999999999999997;	29.752066115702398
XAL7050-103;	1600;	463.4992667850597;	1.1999999999999997;	29.7520661157024
XAL7050-103;	1650;	483.8303702527573;	1.2000000000000002;	29.752066115702466
XAL7050-103;	1700;	504.16147372045486;	1.2000000000000004;	29.75206611570252
XAL7050-103;	1750;	524.4925771881526;	1.2000000000000002;	29.752066115702483
XAL7050-103;	1800;	544.8236806558501;	1.2000000000000002;	29.752066115702505
XAL7050-103;	1850;	565.154784123548;	1.2;	29.75206611570244
XAL7050-103;	1900;	585.4858875912455;	1.2000000000000006;	29.752066115702547
XAL7050-103;	1950;	605.8169910589431;	1.2000000000000002;	29.75206611570252
