XAL7030-103;	50;	10.764687602223624;	1.2000000000000002;	71.88099173553718
XAL7030-103;	100;	21.52937520444725;	1.2000000000000002;	71.88099173553718
XAL7030-103;	150;	32.29406280667086;	1.2000000000000008;	71.88099173553718
XAL7030-103;	200;	43.05875040889448;	1.2000000000000006;	71.88099173553718
XAL7030-103;	250;	53.82343801111811;	1.2000000000000004;	71.88099173553718
XAL7030-103;	300;	64.5881256133417;	1.2000000000000006;	71.8809917355372
XAL7030-103;	350;	75.35281321556539;	1.2;	71.88099173553717
XAL7030-103;	400;	86.11750081778902;	1.2;	71.88099173553717
XAL7030-103;	450;	96.88218842001265;	1.2;	71.88099173553715
XAL7030-103;	500;	107.64687602223623;	1.2000000000000002;	71.88099173553718
XAL7030-103;	550;	121.30868140088867;	1.2000000000000006;	71.88099173553721
XAL7030-103;	600;	134.97048677954115;	1.2000000000000006;	71.88099173553722
XAL7030-103;	650;	148.63229215819365;	1.2000000000000004;	71.8809917355372
XAL7030-103;	700;	162.29409753684607;	1.2000000000000006;	71.88099173553722
XAL7030-103;	750;	175.9559029154986;	1.2000000000000004;	71.88099173553717
XAL7030-103;	800;	189.61770829415107;	1.2000000000000002;	71.88099173553715
XAL7030-103;	850;	203.27951367280357;	1.2;	71.88099173553712
XAL7030-103;	900;	216.9413190514561;	1.1999999999999997;	71.8809917355371
XAL7030-103;	950;	230.60312443010852;	1.1999999999999997;	71.88099173553714
XAL7030-103;	1000;	244.26492980876097;	1.2;	71.88099173553714
XAL7030-103;	1050;	266.81015761165105;	1.1999999999999997;	71.88099173553712
XAL7030-103;	1100;	289.35538541454105;	1.2;	71.88099173553715
XAL7030-103;	1150;	311.900613217431;	1.2000000000000002;	71.8809917355372
XAL7030-103;	1200;	334.44584102032115;	1.2;	71.88099173553714
XAL7030-103;	1250;	356.9910688232111;	1.2000000000000002;	71.8809917355372
XAL7030-103;	1300;	379.53629662610115;	1.2;	71.88099173553715
XAL7030-103;	1350;	402.0815244289911;	1.2000000000000002;	71.88099173553718
XAL7030-103;	1400;	424.6267522318809;	1.2000000000000008;	71.88099173553731
XAL7030-103;	1450;	447.1719800347708;	1.200000000000001;	71.88099173553739
XAL7030-103;	1500;	469.7172078376612;	1.2000000000000002;	71.88099173553717
XAL7030-103;	1550;	492.2624356405512;	1.2000000000000002;	71.8809917355372
XAL7030-103;	1600;	514.8076634434412;	1.2000000000000002;	71.88099173553714
XAL7030-103;	1650;	537.3528912463311;	1.2000000000000006;	71.88099173553728
XAL7030-103;	1700;	559.8981190492213;	1.2000000000000002;	71.88099173553715
XAL7030-103;	1750;	582.4433468521115;	1.2;	71.88099173553711
XAL7030-103;	1800;	604.9885746550012;	1.2000000000000006;	71.88099173553711
XAL7030-103;	1850;	627.5338024578912;	1.2000000000000006;	71.88099173553725
XAL7030-103;	1900;	650.0790302607815;	1.2;	71.88099173553711
XAL7030-103;	1950;	672.6242580636712;	1.2000000000000004;	71.88099173553726
