XAL7030-822;	50;	9.119935813282812;	1.2000000000000006;	63.07438016528925
XAL7030-822;	100;	18.239871626565623;	1.2000000000000006;	63.07438016528925
XAL7030-822;	150;	27.35980743984845;	1.2000000000000002;	63.07438016528925
XAL7030-822;	200;	36.47974325313126;	1.2000000000000002;	63.07438016528925
XAL7030-822;	250;	45.599679066414076;	1.2000000000000002;	63.074380165289256
XAL7030-822;	300;	54.71961487969689;	1.2000000000000002;	63.07438016528925
XAL7030-822;	350;	63.839550692979735;	1.2;	63.07438016528924
XAL7030-822;	400;	72.95948650626254;	1.2000000000000002;	63.07438016528925
XAL7030-822;	450;	82.07942231954534;	1.2000000000000002;	63.07438016528924
XAL7030-822;	500;	91.19935813282814;	1.2000000000000002;	63.07438016528926
XAL7030-822;	550;	103.3476752834466;	1.2000000000000013;	63.074380165289305
XAL7030-822;	600;	115.4959924340652;	1.200000000000001;	63.0743801652893
XAL7030-822;	650;	127.64430958468378;	1.2000000000000006;	63.074380165289305
XAL7030-822;	700;	139.7926267353023;	1.200000000000001;	63.07438016528932
XAL7030-822;	750;	151.94094388592097;	1.2000000000000004;	63.07438016528925
XAL7030-822;	800;	164.08926103653945;	1.2000000000000006;	63.07438016528928
XAL7030-822;	850;	176.23757818715802;	1.2000000000000006;	63.07438016528928
XAL7030-822;	900;	188.38589533777667;	1.2;	63.074380165289234
XAL7030-822;	950;	200.53421248839516;	1.2000000000000004;	63.074380165289256
XAL7030-822;	1000;	212.6825296390137;	1.2000000000000004;	63.07438016528927
XAL7030-822;	1050;	231.2793636062352;	1.2000000000000006;	63.07438016528931
XAL7030-822;	1100;	249.876197573457;	1.1999999999999997;	63.07438016528919
XAL7030-822;	1150;	268.47303154067845;	1.2000000000000002;	63.07438016528928
XAL7030-822;	1200;	287.06986550790003;	1.2000000000000004;	63.07438016528926
XAL7030-822;	1250;	305.66669947512173;	1.1999999999999997;	63.0743801652892
XAL7030-822;	1300;	324.2635334423431;	1.2000000000000004;	63.074380165289305
XAL7030-822;	1350;	342.8603674095648;	1.2;	63.074380165289234
XAL7030-822;	1400;	361.4572013767864;	1.2;	63.07438016528921
XAL7030-822;	1450;	380.0540353440079;	1.2000000000000002;	63.07438016528925
XAL7030-822;	1500;	398.65086931122954;	1.2;	63.07438016528923
XAL7030-822;	1550;	417.24770327845084;	1.2000000000000004;	63.07438016528931
XAL7030-822;	1600;	435.8445372456728;	1.1999999999999997;	63.07438016528913
XAL7030-822;	1650;	454.4413712128943;	1.2;	63.074380165289206
XAL7030-822;	1700;	473.03820518011577;	1.2;	63.074380165289234
XAL7030-822;	1750;	491.63503914733735;	1.2000000000000002;	63.07438016528929
XAL7030-822;	1800;	510.23187311455905;	1.1999999999999997;	63.07438016528918
XAL7030-822;	1850;	528.8287070817802;	1.2000000000000004;	63.07438016528938
XAL7030-822;	1900;	547.4255410490019;	1.2000000000000004;	63.07438016528931
XAL7030-822;	1950;	566.0223750162238;	1.1999999999999997;	63.074380165289135
