XAL7030-332;	50;	3.450909405574897;	1.0999999999999999;	23.20661157024793
XAL7030-332;	100;	6.901818811149794;	1.0999999999999999;	23.20661157024793
XAL7030-332;	150;	10.352728216724694;	1.0999999999999999;	23.20661157024793
XAL7030-332;	200;	13.803637622299583;	1.1000000000000003;	23.206611570247933
XAL7030-332;	250;	17.254547027874487;	1.0999999999999999;	23.206611570247926
XAL7030-332;	300;	20.705456433449374;	1.1000000000000003;	23.206611570247933
XAL7030-332;	350;	24.15636583902428;	1.1;	23.20661157024793
XAL7030-332;	400;	27.60727524459919;	1.0999999999999994;	23.206611570247922
XAL7030-332;	450;	31.058184650174088;	1.0999999999999994;	23.206611570247926
XAL7030-332;	500;	34.509094055748974;	1.0999999999999999;	23.206611570247926
XAL7030-332;	550;	39.73352939548521;	1.0999999999999999;	23.206611570247922
XAL7030-332;	600;	44.95796473522145;	1.0999999999999996;	23.206611570247922
XAL7030-332;	650;	50.182400074957684;	1.0999999999999999;	23.20661157024792
XAL7030-332;	700;	55.406835414693845;	1.1000000000000008;	23.20661157024795
XAL7030-332;	750;	60.63127075443013;	1.0999999999999999;	23.206611570247922
XAL7030-332;	800;	65.85570609416638;	1.0999999999999994;	23.206611570247922
XAL7030-332;	850;	71.08014143390255;	1.1;	23.206611570247937
XAL7030-332;	900;	76.30457677363879;	1.1000000000000003;	23.206611570247937
XAL7030-332;	950;	81.529012113375;	1.1000000000000003;	23.20661157024794
XAL7030-332;	1000;	86.75344745311122;	1.1000000000000005;	23.206611570247944
XAL7030-332;	1050;	92.17374505803897;	1.1;	23.20661157024794
XAL7030-332;	1100;	97.59404266296671;	1.1;	23.20661157024794
XAL7030-332;	1150;	103.01434026789445;	1.1;	23.206611570247933
XAL7030-332;	1200;	108.43463787282221;	1.1;	23.20661157024793
XAL7030-332;	1250;	113.85493547775002;	1.0999999999999994;	23.206611570247894
XAL7030-332;	1300;	119.27523308267757;	1.1000000000000008;	23.20661157024798
XAL7030-332;	1350;	124.69553068760537;	1.1000000000000003;	23.20661157024795
XAL7030-332;	1400;	130.11582829253302;	1.100000000000001;	23.206611570247983
XAL7030-332;	1450;	135.53612589746083;	1.1000000000000005;	23.206611570247944
XAL7030-332;	1500;	140.95642350238853;	1.1000000000000008;	23.20661157024798
XAL7030-332;	1550;	146.37672110731626;	1.1000000000000005;	23.20661157024798
XAL7030-332;	1600;	151.79701871224407;	1.1;	23.20661157024793
XAL7030-332;	1650;	157.21731631717176;	1.1000000000000008;	23.20661157024798
XAL7030-332;	1700;	162.6376139220996;	1.0999999999999999;	23.206611570247908
XAL7030-332;	1750;	168.05791152702733;	1.1000000000000003;	23.20661157024791
XAL7030-332;	1800;	173.47820913195497;	1.1000000000000005;	23.206611570247926
XAL7030-332;	1850;	178.89850673688272;	1.1000000000000003;	23.206611570247944
XAL7030-332;	1900;	184.31880434181042;	1.1000000000000005;	23.206611570247983
XAL7030-332;	1950;	189.73910194673815;	1.1000000000000005;	23.20661157024798
