XAL7030-682;	50;	7.2787880463709405;	1.2;	53.55371900826445
XAL7030-682;	100;	14.557576092741872;	1.2000000000000002;	53.55371900826445
XAL7030-682;	150;	21.83636413911281;	1.2000000000000002;	53.55371900826445
XAL7030-682;	200;	29.115152185483737;	1.2000000000000008;	53.55371900826446
XAL7030-682;	250;	36.39394023185466;	1.200000000000001;	53.553719008264466
XAL7030-682;	300;	43.672728278225605;	1.2000000000000006;	53.55371900826446
XAL7030-682;	350;	50.95151632459656;	1.2000000000000004;	53.55371900826446
XAL7030-682;	400;	58.23030437096751;	1.2000000000000002;	53.553719008264444
XAL7030-682;	450;	65.50909241733844;	1.2000000000000002;	53.55371900826445
XAL7030-682;	500;	72.78788046370936;	1.2000000000000004;	53.55371900826446
XAL7030-682;	550;	81.51917577131378;	1.2000000000000002;	53.55371900826445
XAL7030-682;	600;	90.25047107891824;	1.1999999999999997;	53.55371900826442
XAL7030-682;	650;	98.9817663865226;	1.2000000000000004;	53.55371900826446
XAL7030-682;	700;	107.71306169412705;	1.1999999999999997;	53.55371900826442
XAL7030-682;	750;	116.44435700173146;	1.1999999999999997;	53.55371900826443
XAL7030-682;	800;	125.17565230933586;	1.1999999999999997;	53.55371900826443
XAL7030-682;	850;	133.9069476169403;	1.1999999999999995;	53.55371900826441
XAL7030-682;	900;	142.63824292454464;	1.2;	53.55371900826444
XAL7030-682;	950;	151.36953823214898;	1.2000000000000004;	53.553719008264466
XAL7030-682;	1000;	160.10083353975338;	1.2000000000000004;	53.553719008264466
XAL7030-682;	1050;	172.5055748982825;	1.2;	53.553719008264444
XAL7030-682;	1100;	184.91031625681148;	1.2000000000000004;	53.55371900826448
XAL7030-682;	1150;	197.3150576153406;	1.2000000000000002;	53.553719008264466
XAL7030-682;	1200;	209.71979897386967;	1.2000000000000002;	53.55371900826442
XAL7030-682;	1250;	222.12454033239862;	1.2000000000000006;	53.55371900826453
XAL7030-682;	1300;	234.5292816909277;	1.2000000000000004;	53.553719008264466
XAL7030-682;	1350;	246.93402304945658;	1.2000000000000008;	53.553719008264565
XAL7030-682;	1400;	259.33876440798576;	1.2000000000000004;	53.553719008264494
XAL7030-682;	1450;	271.7435057665148;	1.2000000000000006;	53.55371900826452
XAL7030-682;	1500;	284.1482471250439;	1.2000000000000004;	53.55371900826445
XAL7030-682;	1550;	296.5529884835729;	1.2000000000000004;	53.553719008264466
XAL7030-682;	1600;	308.95772984210197;	1.2000000000000004;	53.55371900826446
XAL7030-682;	1650;	321.36247120063103;	1.2000000000000004;	53.55371900826443
XAL7030-682;	1700;	333.76721255916016;	1.2000000000000002;	53.55371900826442
XAL7030-682;	1750;	346.1719539176892;	1.2000000000000002;	53.553719008264444
XAL7030-682;	1800;	358.5766952762182;	1.2000000000000004;	53.553719008264444
XAL7030-682;	1850;	370.9814366347474;	1.1999999999999997;	53.55371900826438
XAL7030-682;	1900;	383.3861779932762;	1.2000000000000006;	53.55371900826443
XAL7030-682;	1950;	395.7909193518057;	1.1999999999999993;	53.55371900826424
