XAL7070-332;	50;	5.025861076826956;	1.0999999999999999;	10.187107438016527
XAL7070-332;	100;	10.05172215365391;	1.1;	10.187107438016527
XAL7070-332;	150;	15.077583230480863;	1.1000000000000005;	10.18710743801653
XAL7070-332;	200;	20.10344430730782;	1.1;	10.187107438016527
XAL7070-332;	250;	25.12930538413478;	1.1;	10.187107438016527
XAL7070-332;	300;	30.155166460961734;	1.1;	10.187107438016525
XAL7070-332;	350;	35.181027537788694;	1.1;	10.18710743801652
XAL7070-332;	400;	40.20688861461565;	1.1;	10.187107438016524
XAL7070-332;	450;	45.23274969144262;	1.0999999999999996;	10.187107438016518
XAL7070-332;	500;	50.25861076826957;	1.0999999999999999;	10.18710743801652
XAL7070-332;	550;	55.94339491926762;	1.0999999999999996;	10.187107438016517
XAL7070-332;	600;	61.62817907026564;	1.0999999999999999;	10.18710743801652
XAL7070-332;	650;	67.3129632212637;	1.0999999999999996;	10.187107438016517
XAL7070-332;	700;	72.9977473722617;	1.0999999999999999;	10.187107438016527
XAL7070-332;	750;	78.68253152325977;	1.0999999999999996;	10.18710743801651
XAL7070-332;	800;	84.36731567425777;	1.0999999999999999;	10.187107438016522
XAL7070-332;	850;	90.0520998252558;	1.1;	10.187107438016529
XAL7070-332;	900;	95.73688397625378;	1.1000000000000005;	10.187107438016557
XAL7070-332;	950;	101.42166812725186;	1.1;	10.18710743801654
XAL7070-332;	1000;	107.10645227824992;	1.0999999999999999;	10.187107438016517
XAL7070-332;	1050;	114.09123392332727;	1.1;	10.187107438016541
XAL7070-332;	1100;	121.07601556840467;	1.1;	10.187107438016538
XAL7070-332;	1150;	128.0607972134821;	1.0999999999999999;	10.187107438016517
XAL7070-332;	1200;	135.0455788585593;	1.100000000000001;	10.187107438016618
XAL7070-332;	1250;	142.03036050363684;	1.1;	10.187107438016541
XAL7070-332;	1300;	149.01514214871435;	1.0999999999999994;	10.18710743801646
XAL7070-332;	1350;	155.9999237937916;	1.1000000000000003;	10.187107438016547
XAL7070-332;	1400;	162.98470543886904;	1.0999999999999999;	10.187107438016554
XAL7070-332;	1450;	169.96948708394643;	1.0999999999999999;	10.187107438016525
XAL7070-332;	1500;	176.95426872902385;	1.0999999999999999;	10.187107438016547
XAL7070-332;	1550;	183.93905037410113;	1.1000000000000003;	10.187107438016548
XAL7070-332;	1600;	190.92383201917858;	1.1;	10.187107438016533
XAL7070-332;	1650;	197.9086136642559;	1.1000000000000003;	10.187107438016563
XAL7070-332;	1700;	204.89339530933353;	1.0999999999999994;	10.187107438016444
XAL7070-332;	1750;	211.87817695441075;	1.1000000000000003;	10.187107438016543
XAL7070-332;	1800;	218.86295859948808;	1.1000000000000003;	10.187107438016563
XAL7070-332;	1850;	225.8477402445654;	1.1000000000000005;	10.187107438016607
XAL7070-332;	1900;	232.8325218896428;	1.1000000000000005;	10.187107438016591
XAL7070-332;	1950;	239.81730353472022;	1.1000000000000005;	10.187107438016584
