XAL7030-562;	50;	4.818068755720346;	1.2000000000000004;	33.441322314049586
XAL7030-562;	100;	9.636137511440687;	1.2000000000000008;	33.44132231404959
XAL7030-562;	150;	14.454206267161043;	1.2000000000000002;	33.441322314049586
XAL7030-562;	200;	19.27227502288138;	1.2000000000000004;	33.441322314049586
XAL7030-562;	250;	24.090343778601742;	1.1999999999999997;	33.44132231404958
XAL7030-562;	300;	28.908412534322068;	1.2000000000000006;	33.44132231404959
XAL7030-562;	350;	33.72648129004243;	1.2000000000000002;	33.441322314049586
XAL7030-562;	400;	38.54455004576278;	1.2;	33.44132231404958
XAL7030-562;	450;	43.36261880148311;	1.2000000000000004;	33.441322314049586
XAL7030-562;	500;	48.18068755720348;	1.2;	33.44132231404957
XAL7030-562;	550;	54.65581290507889;	1.2000000000000002;	33.441322314049586
XAL7030-562;	600;	61.13093825295429;	1.2000000000000006;	33.4413223140496
XAL7030-562;	650;	67.60606360082973;	1.2000000000000002;	33.44132231404959
XAL7030-562;	700;	74.08118894870515;	1.2000000000000002;	33.44132231404958
XAL7030-562;	750;	80.55631429658058;	1.2000000000000002;	33.441322314049586
XAL7030-562;	800;	87.03143964445597;	1.2000000000000004;	33.4413223140496
XAL7030-562;	850;	93.50656499233145;	1.1999999999999997;	33.441322314049565
XAL7030-562;	900;	99.98169034020687;	1.2;	33.44132231404957
XAL7030-562;	950;	106.45681568808227;	1.2;	33.44132231404958
XAL7030-562;	1000;	112.93194103595765;	1.2000000000000002;	33.441322314049586
XAL7030-562;	1050;	121.24416130887317;	1.2000000000000002;	33.44132231404958
XAL7030-562;	1100;	129.5563815817887;	1.2;	33.44132231404958
XAL7030-562;	1150;	137.8686018547041;	1.2000000000000008;	33.441322314049636
XAL7030-562;	1200;	146.18082212761965;	1.2000000000000006;	33.441322314049614
XAL7030-562;	1250;	154.49304240053524;	1.2;	33.44132231404958
XAL7030-562;	1300;	162.8052626734507;	1.2000000000000002;	33.441322314049586
XAL7030-562;	1350;	171.11748294636618;	1.2000000000000002;	33.44132231404959
XAL7030-562;	1400;	179.42970321928172;	1.2000000000000002;	33.44132231404958
XAL7030-562;	1450;	187.74192349219715;	1.2000000000000004;	33.441322314049614
XAL7030-562;	1500;	196.05414376511268;	1.2000000000000006;	33.44132231404959
XAL7030-562;	1550;	204.3663640380283;	1.1999999999999997;	33.44132231404952
XAL7030-562;	1600;	212.67858431094373;	1.2000000000000002;	33.44132231404956
XAL7030-562;	1650;	220.99080458385916;	1.2000000000000006;	33.44132231404962
XAL7030-562;	1700;	229.30302485677475;	1.2000000000000002;	33.44132231404957
XAL7030-562;	1750;	237.61524512969027;	1.2;	33.44132231404957
XAL7030-562;	1800;	245.9274654026057;	1.2000000000000002;	33.44132231404959
XAL7030-562;	1850;	254.2396856755213;	1.1999999999999997;	33.44132231404954
XAL7030-562;	1900;	262.5519059484367;	1.2000000000000004;	33.441322314049614
XAL7030-562;	1950;	270.8641262213521;	1.2000000000000008;	33.44132231404968
