XAL7030-472;	50;	4.99301866167165;	1.0999999999999996;	31.061157024793385
XAL7030-472;	100;	9.98603732334329;	1.100000000000001;	31.06115702479339
XAL7030-472;	150;	14.97905598501495;	1.0999999999999999;	31.06115702479338
XAL7030-472;	200;	19.972074646686593;	1.1000000000000003;	31.061157024793385
XAL7030-472;	250;	24.965093308358234;	1.1000000000000003;	31.06115702479339
XAL7030-472;	300;	29.958111970029883;	1.1000000000000003;	31.061157024793392
XAL7030-472;	350;	34.95113063170152;	1.1000000000000008;	31.061157024793395
XAL7030-472;	400;	39.94414929337318;	1.1000000000000003;	31.061157024793392
XAL7030-472;	450;	44.93716795504482;	1.1000000000000003;	31.061157024793392
XAL7030-472;	500;	49.930186616716455;	1.1000000000000005;	31.061157024793403
XAL7030-472;	550;	56.57547769722694;	1.1;	31.061157024793392
XAL7030-472;	600;	63.220768777737426;	1.1;	31.061157024793378
XAL7030-472;	650;	69.86605985824788;	1.1;	31.06115702479339
XAL7030-472;	700;	76.51135093875835;	1.0999999999999999;	31.061157024793374
XAL7030-472;	750;	83.15664201926879;	1.1;	31.061157024793385
XAL7030-472;	800;	89.80193309977926;	1.0999999999999999;	31.061157024793374
XAL7030-472;	850;	96.44722418028972;	1.1;	31.061157024793378
XAL7030-472;	900;	103.09251526080017;	1.1;	31.061157024793392
XAL7030-472;	950;	109.73780634131072;	1.0999999999999994;	31.06115702479334
XAL7030-472;	1000;	116.38309742182108;	1.1;	31.061157024793385
XAL7030-472;	1050;	123.91575947545475;	1.1;	31.061157024793385
XAL7030-472;	1100;	131.4484215290885;	1.0999999999999994;	31.06115702479335
XAL7030-472;	1150;	138.98108358272208;	1.1;	31.061157024793385
XAL7030-472;	1200;	146.51374563635582;	1.0999999999999996;	31.061157024793356
XAL7030-472;	1250;	154.04640768998942;	1.1;	31.06115702479338
XAL7030-472;	1300;	161.57906974362302;	1.1000000000000003;	31.0611570247934
XAL7030-472;	1350;	169.1117317972567;	1.1;	31.061157024793392
XAL7030-472;	1400;	176.6443938508903;	1.1000000000000005;	31.061157024793424
XAL7030-472;	1450;	184.17705590452397;	1.1000000000000005;	31.06115702479343
XAL7030-472;	1500;	191.70971795815763;	1.1000000000000005;	31.06115702479349
XAL7030-472;	1550;	199.24238001179137;	1.1;	31.061157024793385
XAL7030-472;	1600;	206.77504206542494;	1.1000000000000005;	31.061157024793456
XAL7030-472;	1650;	214.30770411905868;	1.1;	31.0611570247934
XAL7030-472;	1700;	221.8403661726923;	1.1000000000000003;	31.061157024793427
XAL7030-472;	1750;	229.37302822632603;	1.1;	31.061157024793392
XAL7030-472;	1800;	236.9056902799596;	1.1000000000000003;	31.061157024793427
XAL7030-472;	1850;	244.4383523335934;	1.0999999999999999;	31.061157024793342
XAL7030-472;	1900;	251.97101438722692;	1.1000000000000003;	31.061157024793424
XAL7030-472;	1950;	259.5036764408606;	1.1000000000000003;	31.06115702479341
