XAL7070-222;	50;	2.75092237783257;	1.0999999999999999;	6.819173553719007
XAL7070-222;	100;	5.501844755665138;	1.1;	6.819173553719008
XAL7070-222;	150;	8.25276713349771;	1.1;	6.819173553719007
XAL7070-222;	200;	11.003689511330277;	1.1;	6.819173553719006
XAL7070-222;	250;	13.754611889162852;	1.0999999999999996;	6.819173553719004
XAL7070-222;	300;	16.505534266995415;	1.1;	6.819173553719006
XAL7070-222;	350;	19.256456644828003;	1.0999999999999992;	6.819173553719
XAL7070-222;	400;	22.007379022660558;	1.0999999999999999;	6.819173553719008
XAL7070-222;	450;	24.758301400493128;	1.0999999999999999;	6.819173553719005
XAL7070-222;	500;	27.509223778325694;	1.1;	6.819173553719007
XAL7070-222;	550;	31.056720080590903;	1.1;	6.81917355371901
XAL7070-222;	600;	34.6042163828561;	1.1000000000000008;	6.81917355371902
XAL7070-222;	650;	38.15171268512134;	1.1;	6.819173553719007
XAL7070-222;	700;	41.69920898738656;	1.0999999999999996;	6.819173553718998
XAL7070-222;	750;	45.24670528965177;	1.0999999999999999;	6.819173553719004
XAL7070-222;	800;	48.794201591916966;	1.1;	6.8191735537190095
XAL7070-222;	850;	52.34169789418218;	1.1;	6.81917355371901
XAL7070-222;	900;	55.88919419644741;	1.0999999999999999;	6.8191735537190015
XAL7070-222;	950;	59.43669049871265;	1.0999999999999994;	6.819173553718985
XAL7070-222;	1000;	62.984186800977874;	1.0999999999999992;	6.819173553718973
XAL7070-222;	1050;	66.8831278721877;	1.1;	6.819173553719004
XAL7070-222;	1100;	70.7820689433976;	1.0999999999999996;	6.819173553718993
XAL7070-222;	1150;	74.68101001460748;	1.0999999999999996;	6.81917355371899
XAL7070-222;	1200;	78.57995108581734;	1.0999999999999999;	6.819173553719003
XAL7070-222;	1250;	82.47889215702719;	1.1000000000000003;	6.819173553719023
XAL7070-222;	1300;	86.37783322823714;	1.099999999999999;	6.819173553718995
XAL7070-222;	1350;	90.27677429944693;	1.1000000000000003;	6.819173553719022
XAL7070-222;	1400;	94.17571537065682;	1.1000000000000003;	6.819173553719016
XAL7070-222;	1450;	98.07465644186671;	1.1;	6.819173553719004
XAL7070-222;	1500;	101.9735975130766;	1.0999999999999999;	6.819173553718995
XAL7070-222;	1550;	105.87253858428645;	1.0999999999999999;	6.819173553719003
XAL7070-222;	1600;	109.77147965549632;	1.1;	6.819173553719006
XAL7070-222;	1650;	113.67042072670618;	1.1000000000000003;	6.819173553719018
XAL7070-222;	1700;	117.56936179791606;	1.1000000000000003;	6.819173553719022
XAL7070-222;	1750;	121.46830286912596;	1.1;	6.819173553719006
XAL7070-222;	1800;	125.36724394033585;	1.0999999999999996;	6.8191735537189935
XAL7070-222;	1850;	129.26618501154573;	1.0999999999999996;	6.819173553718994
XAL7070-222;	1900;	133.16512608275565;	1.0999999999999994;	6.819173553718973
XAL7070-222;	1950;	137.06406715396545;	1.1;	6.81917355371901
