XAL7070-122;	50;	1.5793793951773174;	1.1;	3.689256198347107
XAL7070-122;	100;	3.158758790354634;	1.1000000000000003;	3.6892561983471075
XAL7070-122;	150;	4.738138185531951;	1.1000000000000003;	3.6892561983471075
XAL7070-122;	200;	6.3175175807092705;	1.0999999999999999;	3.689256198347106
XAL7070-122;	250;	7.896896975886585;	1.1000000000000003;	3.6892561983471075
XAL7070-122;	300;	9.476276371063904;	1.0999999999999999;	3.6892561983471066
XAL7070-122;	350;	11.05565576624122;	1.1000000000000005;	3.6892561983471075
XAL7070-122;	400;	12.635035161418541;	1.0999999999999999;	3.6892561983471057
XAL7070-122;	450;	14.214414556595852;	1.1000000000000003;	3.6892561983471075
XAL7070-122;	500;	15.793793951773175;	1.0999999999999999;	3.6892561983471057
XAL7070-122;	550;	17.564856167486294;	1.1000000000000005;	3.68925619834711
XAL7070-122;	600;	19.335918383199427;	1.0999999999999996;	3.6892561983471053
XAL7070-122;	650;	21.10698059891254;	1.1000000000000003;	3.6892561983471106
XAL7070-122;	700;	22.87804281462567;	1.0999999999999999;	3.6892561983471053
XAL7070-122;	750;	24.64910503033879;	1.0999999999999999;	3.689256198347106
XAL7070-122;	800;	26.420167246051907;	1.1;	3.6892561983471093
XAL7070-122;	850;	28.19122946176503;	1.1000000000000003;	3.68925619834711
XAL7070-122;	900;	29.96229167747815;	1.1000000000000003;	3.6892561983471124
XAL7070-122;	950;	31.733353893191282;	1.0999999999999999;	3.6892561983471066
XAL7070-122;	1000;	33.50441610890439;	1.1000000000000003;	3.689256198347116
XAL7070-122;	1050;	35.76269018853829;	1.0999999999999996;	3.6892561983471
XAL7070-122;	1100;	38.02096426817215;	1.1;	3.689256198347106
XAL7070-122;	1150;	40.27923834780604;	1.0999999999999999;	3.6892561983471013
XAL7070-122;	1200;	42.5375124274399;	1.1;	3.68925619834711
XAL7070-122;	1250;	44.79578650707377;	1.1000000000000003;	3.6892561983471115
XAL7070-122;	1300;	47.05406058670766;	1.0999999999999999;	3.689256198347102
XAL7070-122;	1350;	49.31233466634154;	1.0999999999999996;	3.689256198347105
XAL7070-122;	1400;	51.57060874597539;	1.1000000000000003;	3.6892561983471155
XAL7070-122;	1450;	53.8288828256093;	1.0999999999999996;	3.6892561983470933
XAL7070-122;	1500;	56.087156905243155;	1.1;	3.689256198347109
XAL7070-122;	1550;	58.34543098487702;	1.1;	3.6892561983471093
XAL7070-122;	1600;	60.603705064510834;	1.1000000000000012;	3.689256198347141
XAL7070-122;	1650;	62.861979144144726;	1.1000000000000008;	3.689256198347131
XAL7070-122;	1700;	65.12025322377873;	1.099999999999999;	3.6892561983470555
XAL7070-122;	1750;	67.3785273034125;	1.1000000000000005;	3.689256198347123
XAL7070-122;	1800;	69.6368013830464;	1.0999999999999999;	3.689256198347098
XAL7070-122;	1850;	71.89507546268028;	1.0999999999999999;	3.6892561983471035
XAL7070-122;	1900;	74.15334954231416;	1.0999999999999999;	3.6892561983471013
XAL7070-122;	1950;	76.41162362194798;	1.1000000000000005;	3.689256198347123
