XAL7070-472;	50;	7.570936074458655;	1.1000000000000005;	15.423471074380162
XAL7070-472;	100;	15.141872148917317;	1.0999999999999999;	15.42347107438016
XAL7070-472;	150;	22.712808223375976;	1.1;	15.42347107438016
XAL7070-472;	200;	30.283744297834627;	1.1;	15.423471074380164
XAL7070-472;	250;	37.85468037229329;	1.1;	15.423471074380158
XAL7070-472;	300;	45.42561644675194;	1.1;	15.423471074380162
XAL7070-472;	350;	52.996552521210624;	1.0999999999999996;	15.42347107438015
XAL7070-472;	400;	60.567488595669246;	1.1000000000000003;	15.423471074380167
XAL7070-472;	450;	68.1384246701279;	1.1000000000000003;	15.423471074380164
XAL7070-472;	500;	75.70936074458658;	1.0999999999999999;	15.423471074380156
XAL7070-472;	550;	85.61529111345703;	1.1000000000000003;	15.423471074380169
XAL7070-472;	600;	95.5212214823275;	1.1;	15.423471074380211
XAL7070-472;	650;	105.427151851198;	1.0999999999999999;	15.42347107438016
XAL7070-472;	700;	115.33308222006846;	1.1;	15.423471074380162
XAL7070-472;	750;	125.23901258893889;	1.1;	15.423471074380185
XAL7070-472;	800;	135.1449429578094;	1.0999999999999996;	15.423471074380133
XAL7070-472;	850;	145.05087332667983;	1.1;	15.423471074380183
XAL7070-472;	900;	154.95680369555026;	1.1000000000000003;	15.4234710743802
XAL7070-472;	950;	164.86273406442075;	1.1000000000000003;	15.423471074380165
XAL7070-472;	1000;	174.7686644332913;	1.0999999999999996;	15.423471074380142
XAL7070-472;	1050;	188.28361393630664;	1.1000000000000003;	15.423471074380169
XAL7070-472;	1100;	201.79856343932207;	1.0999999999999999;	15.423471074380183
XAL7070-472;	1150;	215.3135129423375;	1.1;	15.423471074380188
XAL7070-472;	1200;	228.828462445353;	1.0999999999999996;	15.42347107438013
XAL7070-472;	1250;	242.3434119483683;	1.1000000000000003;	15.423471074380183
XAL7070-472;	1300;	255.85836145138364;	1.1;	15.423471074380211
XAL7070-472;	1350;	269.37331095439913;	1.1;	15.42347107438014
XAL7070-472;	1400;	282.88826045741456;	1.0999999999999999;	15.42347107438015
XAL7070-472;	1450;	296.40320996043016;	1.0999999999999994;	15.423471074380057
XAL7070-472;	1500;	309.9181594634453;	1.1000000000000003;	15.423471074380183
XAL7070-472;	1550;	323.4331089664608;	1.0999999999999999;	15.42347107438016
XAL7070-472;	1600;	336.9480584694763;	1.0999999999999999;	15.42347107438012
XAL7070-472;	1650;	350.4630079724916;	1.1;	15.423471074380148
XAL7070-472;	1700;	363.977957475507;	1.1;	15.423471074380146
XAL7070-472;	1750;	377.49290697852234;	1.1000000000000003;	15.423471074380231
XAL7070-472;	1800;	391.00785648153806;	1.0999999999999996;	15.423471074380023
XAL7070-472;	1850;	404.5228059845532;	1.1;	15.423471074380174
XAL7070-472;	1900;	418.0377554875686;	1.1000000000000003;	15.423471074380188
XAL7070-472;	1950;	431.55270499058406;	1.1;	15.423471074380144
