XAL7030-272;	50;	2.6342477766750427;	1.1;	18.684297520661154
XAL7030-272;	100;	5.268495553350089;	1.0999999999999994;	18.68429752066115
XAL7030-272;	150;	7.902743330025128;	1.1000000000000003;	18.684297520661154
XAL7030-272;	200;	10.536991106700173;	1.0999999999999999;	18.684297520661154
XAL7030-272;	250;	13.171238883375224;	1.0999999999999992;	18.684297520661147
XAL7030-272;	300;	15.805486660050263;	1.0999999999999994;	18.68429752066115
XAL7030-272;	350;	18.43973443672531;	1.0999999999999996;	18.68429752066115
XAL7030-272;	400;	21.073982213400345;	1.0999999999999999;	18.684297520661154
XAL7030-272;	450;	23.708229990075385;	1.1;	18.684297520661154
XAL7030-272;	500;	26.342477766750438;	1.0999999999999996;	18.684297520661147
XAL7030-272;	550;	29.520794830975486;	1.1000000000000003;	18.684297520661158
XAL7030-272;	600;	32.699111895200545;	1.1000000000000008;	18.68429752066116
XAL7030-272;	650;	35.87742895942563;	1.1;	18.684297520661158
XAL7030-272;	700;	39.05574602365069;	1.1000000000000003;	18.684297520661154
XAL7030-272;	750;	42.23406308787578;	1.0999999999999996;	18.684297520661147
XAL7030-272;	800;	45.41238015210084;	1.0999999999999999;	18.684297520661147
XAL7030-272;	850;	48.5906972163259;	1.1;	18.684297520661147
XAL7030-272;	900;	51.769014280550984;	1.0999999999999999;	18.684297520661147
XAL7030-272;	950;	54.947331344775996;	1.1000000000000008;	18.684297520661172
XAL7030-272;	1000;	58.1256484090011;	1.0999999999999999;	18.68429752066115
XAL7030-272;	1050;	61.93112523980818;	1.0999999999999996;	18.684297520661143
XAL7030-272;	1100;	65.73660207061525;	1.0999999999999996;	18.684297520661136
XAL7030-272;	1150;	69.54207890142233;	1.0999999999999996;	18.684297520661143
XAL7030-272;	1200;	73.34755573222937;	1.1000000000000003;	18.68429752066116
XAL7030-272;	1250;	77.15303256303645;	1.0999999999999999;	18.684297520661147
XAL7030-272;	1300;	80.95850939384349;	1.1;	18.684297520661154
XAL7030-272;	1350;	84.7639862246506;	1.0999999999999996;	18.684297520661133
XAL7030-272;	1400;	88.56946305545763;	1.1;	18.684297520661147
XAL7030-272;	1450;	92.37493988626468;	1.1000000000000003;	18.684297520661154
XAL7030-272;	1500;	96.18041671707181;	1.0999999999999996;	18.68429752066113
XAL7030-272;	1550;	99.98589354787882;	1.1;	18.684297520661154
XAL7030-272;	1600;	103.7913703786859;	1.0999999999999999;	18.68429752066115
XAL7030-272;	1650;	107.59684720949302;	1.0999999999999994;	18.68429752066112
XAL7030-272;	1700;	111.40232404030012;	1.0999999999999992;	18.684297520661104
XAL7030-272;	1750;	115.20780087110711;	1.1;	18.684297520661143
XAL7030-272;	1800;	119.01327770191415;	1.1;	18.68429752066115
XAL7030-272;	1850;	122.81875453272124;	1.0999999999999999;	18.684297520661147
XAL7030-272;	1900;	126.6242313635283;	1.1;	18.68429752066116
XAL7030-272;	1950;	130.4297081943354;	1.0999999999999999;	18.684297520661143
