XAL7070-682;	50;	10.78056108636171;	1.1;	21.23107438016529
XAL7070-682;	100;	21.561122172723426;	1.0999999999999999;	21.231074380165285
XAL7070-682;	150;	32.341683259085144;	1.0999999999999999;	21.231074380165282
XAL7070-682;	200;	43.12224434544683;	1.1000000000000005;	21.23107438016529
XAL7070-682;	250;	53.90280543180854;	1.1;	21.23107438016529
XAL7070-682;	300;	64.6833665181703;	1.0999999999999992;	21.231074380165257
XAL7070-682;	350;	75.46392760453199;	1.0999999999999999;	21.23107438016528
XAL7070-682;	400;	86.24448869089368;	1.1000000000000003;	21.231074380165285
XAL7070-682;	450;	97.02504977725542;	1.0999999999999996;	21.231074380165275
XAL7070-682;	500;	107.80561086361712;	1.0999999999999996;	21.23107438016528
XAL7070-682;	550;	122.1975275573372;	1.0999999999999996;	21.231074380165257
XAL7070-682;	600;	136.58944425105716;	1.1000000000000003;	21.231074380165314
XAL7070-682;	650;	150.98136094477726;	1.0999999999999999;	21.231074380165293
XAL7070-682;	700;	165.37327763849734;	1.0999999999999994;	21.231074380165246
XAL7070-682;	750;	179.76519433221733;	1.1;	21.231074380165282
XAL7070-682;	800;	194.1571110259374;	1.0999999999999996;	21.231074380165232
XAL7070-682;	850;	208.54902771965735;	1.1;	21.231074380165314
XAL7070-682;	900;	222.94094441337748;	1.0999999999999999;	21.23107438016526
XAL7070-682;	950;	237.33286110709747;	1.1;	21.23107438016527
XAL7070-682;	1000;	251.72477780081738;	1.1000000000000003;	21.231074380165353
XAL7070-682;	1050;	268.6174892908663;	1.1000000000000003;	21.231074380165317
XAL7070-682;	1100;	285.5102007809151;	1.1000000000000005;	21.23107438016536
XAL7070-682;	1150;	302.4029122709641;	1.0999999999999999;	21.231074380165243
XAL7070-682;	1200;	319.295623761013;	1.1;	21.23107438016524
XAL7070-682;	1250;	336.18833525106186;	1.1;	21.23107438016529
XAL7070-682;	1300;	353.0810467411106;	1.1000000000000003;	21.23107438016535
XAL7070-682;	1350;	369.97375823115954;	1.1;	21.23107438016527
XAL7070-682;	1400;	386.86646972120826;	1.1000000000000005;	21.23107438016536
XAL7070-682;	1450;	403.75918121125727;	1.1;	21.23107438016528
XAL7070-682;	1500;	420.6518927013063;	1.0999999999999996;	21.231074380165214
XAL7070-682;	1550;	437.544604191355;	1.1;	21.231074380165254
XAL7070-682;	1600;	454.437315681404;	1.0999999999999996;	21.23107438016516
XAL7070-682;	1650;	471.330027171453;	1.0999999999999994;	21.23107438016511
XAL7070-682;	1700;	488.2227386615013;	1.100000000000001;	21.231074380165442
XAL7070-682;	1750;	505.1154501515507;	1.0999999999999999;	21.2310743801651
XAL7070-682;	1800;	522.0081616415994;	1.1;	21.231074380165254
XAL7070-682;	1850;	538.9008731316482;	1.1000000000000003;	21.231074380165325
XAL7070-682;	1900;	555.7935846216972;	1.0999999999999999;	21.231074380165246
XAL7070-682;	1950;	572.6862961117461;	1.0999999999999999;	21.23107438016516
