XAL7070-562;	50;	9.392209669772361;	1.1;	16.268429752066112
XAL7070-562;	100;	18.784419339544723;	1.1;	16.268429752066112
XAL7070-562;	150;	28.17662900931708;	1.1000000000000003;	16.268429752066115
XAL7070-562;	200;	37.56883867908943;	1.1000000000000005;	16.268429752066123
XAL7070-562;	250;	46.96104834886181;	1.0999999999999999;	16.268429752066105
XAL7070-562;	300;	56.353258018634186;	1.0999999999999996;	16.268429752066098
XAL7070-562;	350;	65.74546768840653;	1.1;	16.268429752066105
XAL7070-562;	400;	75.13767735817885;	1.1000000000000005;	16.268429752066133
XAL7070-562;	450;	84.52988702795123;	1.1000000000000005;	16.268429752066123
XAL7070-562;	500;	93.92209669772362;	1.1;	16.26842975206611
XAL7070-562;	550;	107.8478908384884;	1.0999999999999999;	16.2684297520661
XAL7070-562;	600;	121.77368497925313;	1.1;	16.268429752066115
XAL7070-562;	650;	135.69947912001786;	1.1000000000000003;	16.26842975206614
XAL7070-562;	700;	149.6252732607827;	1.0999999999999994;	16.268429752066094
XAL7070-562;	750;	163.55106740154744;	1.0999999999999996;	16.268429752066105
XAL7070-562;	800;	177.47686154231198;	1.1000000000000008;	16.26842975206616
XAL7070-562;	850;	191.4026556830768;	1.1000000000000005;	16.268429752066133
XAL7070-562;	900;	205.32844982384168;	1.0999999999999999;	16.268429752066076
XAL7070-562;	950;	219.25424396460642;	1.0999999999999996;	16.268429752066066
XAL7070-562;	1000;	233.18003810537112;	1.1;	16.2684297520661
XAL7070-562;	1050;	251.62324454797684;	1.0999999999999996;	16.268429752066048
XAL7070-562;	1100;	270.0664509905825;	1.0999999999999994;	16.268429752066055
XAL7070-562;	1150;	288.50965743318795;	1.1;	16.26842975206613
XAL7070-562;	1200;	306.95286387579364;	1.1;	16.268429752066098
XAL7070-562;	1250;	325.3960703183991;	1.1000000000000008;	16.268429752066215
XAL7070-562;	1300;	343.83927676100484;	1.1;	16.26842975206614
XAL7070-562;	1350;	362.28248320361047;	1.0999999999999999;	16.26842975206611
XAL7070-562;	1400;	380.72568964621615;	1.0999999999999999;	16.268429752066105
XAL7070-562;	1450;	399.1688960888217;	1.1;	16.268429752066123
XAL7070-562;	1500;	417.61210253142735;	1.1;	16.268429752066165
XAL7070-562;	1550;	436.05530897403287;	1.1000000000000003;	16.268429752066144
XAL7070-562;	1600;	454.49851541663827;	1.1000000000000005;	16.26842975206628
XAL7070-562;	1650;	472.941721859244;	1.1000000000000005;	16.268429752066226
XAL7070-562;	1700;	491.3849283018498;	1.1000000000000003;	16.268429752066183
XAL7070-562;	1750;	509.8281347444553;	1.1000000000000005;	16.268429752066186
XAL7070-562;	1800;	528.2713411870609;	1.1000000000000003;	16.268429752066172
XAL7070-562;	1850;	546.714547629666;	1.1000000000000012;	16.268429752066574
XAL7070-562;	1900;	565.1577540722724;	1.0999999999999999;	16.26842975206611
XAL7070-562;	1950;	583.6009605148778;	1.1000000000000003;	16.268429752066222
