XAL7050-183;	50;	31.011343331044763;	1.4;	51.173553719008254
XAL7050-183;	100;	62.02268666208953;	1.3999999999999997;	51.17355371900825
XAL7050-183;	150;	93.0340299931343;	1.4;	51.17355371900824
XAL7050-183;	200;	124.04537332417908;	1.3999999999999995;	51.17355371900825
XAL7050-183;	250;	155.05671665522377;	1.4000000000000001;	51.173553719008275
XAL7050-183;	300;	186.0680599862685;	1.4000000000000001;	51.17355371900828
XAL7050-183;	350;	217.0794033173133;	1.4;	51.17355371900828
XAL7050-183;	400;	248.09074664835802;	1.4000000000000001;	51.17355371900829
XAL7050-183;	450;	279.102089979403;	1.3999999999999995;	51.173553719008154
XAL7050-183;	500;	310.11343331044765;	1.3999999999999997;	51.1735537190082
XAL7050-183;	550;	347.11560433044457;	1.399999999999999;	51.173553719008076
XAL7050-183;	600;	384.1177753504409;	1.4000000000000001;	51.173553719008275
XAL7050-183;	650;	421.119946370438;	1.399999999999999;	51.17355371900804
XAL7050-183;	700;	458.12211739043454;	1.3999999999999992;	51.17355371900808
XAL7050-183;	750;	495.12428841043084;	1.4000000000000001;	51.17355371900834
XAL7050-183;	800;	532.1264594304273;	1.4000000000000004;	51.1735537190084
XAL7050-183;	850;	569.1286304504245;	1.3999999999999995;	51.17355371900815
XAL7050-183;	900;	606.1308014704208;	1.4000000000000001;	51.17355371900833
XAL7050-183;	950;	643.1329724904175;	1.4000000000000001;	51.17355371900829
XAL7050-183;	1000;	680.135143510414;	1.4000000000000001;	51.173553719008375
XAL7050-183;	1050;	757.6635018380259;	1.4000000000000001;	51.173553719008325
XAL7050-183;	1100;	835.1918601656374;	1.4000000000000006;	51.17355371900855
XAL7050-183;	1150;	912.720218493249;	1.400000000000001;	51.17355371900868
XAL7050-183;	1200;	990.2485768208611;	1.4000000000000006;	51.17355371900866
XAL7050-183;	1250;	1067.776935148473;	1.4000000000000001;	51.17355371900874
XAL7050-183;	1300;	1145.3052934760847;	1.4000000000000004;	51.173553719008574
XAL7050-183;	1350;	1222.8336518036954;	1.400000000000001;	51.17355371900961
XAL7050-183;	1400;	1300.362010131309;	1.4;	51.173553719008275
XAL7050-183;	1450;	1377.890368458921;	1.3999999999999997;	51.1735537190082
XAL7050-183;	1500;	1455.418726786532;	1.4000000000000006;	51.173553719008815
XAL7050-183;	1550;	1532.9470851141439;	1.4000000000000001;	51.17355371900866
XAL7050-183;	1600;	1610.475443441756;	1.4000000000000001;	51.17355371900819
XAL7050-183;	1650;	1688.003801769368;	1.4000000000000001;	51.173553719008005
XAL7050-183;	1700;	1765.5321600969792;	1.4000000000000004;	51.17355371900874
XAL7050-183;	1750;	1843.0605184245924;	1.3999999999999997;	51.1735537190079
XAL7050-183;	1800;	1920.5888767522035;	1.4;	51.17355371900824
XAL7050-183;	1850;	1998.117235079816;	1.3999999999999997;	51.17355371900776
XAL7050-183;	1900;	2075.6455934074293;	1.399999999999999;	51.173553719006954
XAL7050-183;	1950;	2153.1739517350384;	1.4000000000000001;	51.17355371900865
