XAL7050-473;	50;	105.76082677225436;	1.4371971490323494;	124.95867768595036
XAL7050-473;	100;	211.52165669642665;	1.4371971490323507;	124.95867768595052
XAL7050-473;	150;	348.19594391211206;	1.462521440499801;	125.00058398204794
XAL7050-473;	200;	484.9505811877062;	1.4732089811304439;	124.99835148126965
XAL7050-473;	250;	621.7313141168556;	1.4791040777629705;	124.98174450613755
XAL7050-473;	300;	758.5238117390352;	1.4828398245654104;	124.95867768595058
XAL7050-473;	350;	985.9580058279672;	1.4283692362030345;	126.02402999636722
XAL7050-473;	400;	1215.0786643963138;	1.391390927962346;	126.1565361300682
XAL7050-473;	450;	1445.2073425393623;	1.3646560606786446;	125.73525860625797
XAL7050-473;	500;	1675.9856805973704;	1.3444307665714499;	124.95867768595046
XAL7050-473;	550;	2272.4904259339714;	1.2986858928970766;	127.52232598448825
XAL7050-473;	600;	2871.5136154333577;	1.2701114307993153;	128.67432211603997
XAL7050-473;	650;	3471.8829374888833;	1.2505732204979965;	129.07469047024077
XAL7050-473;	700;	4073.0552901556534;	1.2363720588836724;	129.02773206655107
XAL7050-473;	750;	4674.74488863688;	1.2255847267388573;	128.6930892486988
XAL7050-473;	800;	5276.787090770321;	1.217112694765744;	128.16255499555223
XAL7050-473;	850;	5879.080392446451;	1.2102829856058541;	127.4926383764781
XAL7050-473;	900;	6481.558828977482;	1.2046603442766957;	126.72001527408408
XAL7050-473;	950;	7084.177662574885;	1.1999508095849543;	125.86955162972983
XAL7050-473;	1000;	7686.905496933603;	1.195948690502962;	124.9586776859557
XAL7050-473;	1050;	8289.719644907345;	1.1925057528282497;	123.99998256530907
XAL7050-473;	1100;	8892.6033037124;	1.1895124690360506;	123.00278803505729
XAL7050-473;	1150;	9495.54376820618;	1.1868861595717983;	121.97413642308135
XAL7050-473;	1200;	10098.531245103404;	1.1845632429942785;	120.91946118891245
XAL7050-473;	1250;	10701.558080979308;	1.1824940217699933;	119.84299428144001
XAL7050-473;	1300;	11304.61818017681;	1.1806390912501445;	118.74812603603138
XAL7050-473;	1350;	11907.70665829997;	1.1789668039679784;	117.6375548456974
XAL7050-473;	1400;	12510.8195456727;	1.1774514513355288;	116.51347101532001
XAL7050-473;	1450;	13113.953569109233;	1.1760719339227546;	115.377692874503
XAL7050-473;	1500;	13717.10599004017;	1.174810773635834;	114.23176855030877
XAL7050-473;	1550;	14320.274618641648;	1.1736533619193827;	113.07682926780927
XAL7050-473;	1600;	14923.457495342958;	1.1725874053668228;	111.9140144136755
XAL7050-473;	1650;	15526.652947948298;	1.1716024793950195;	110.7443062338255
XAL7050-473;	1700;	16129.85968967073;	1.1706896787204013;	109.56831342076016
XAL7050-473;	1750;	16733.076490431096;	1.169841362754785;	108.38676157038587
XAL7050-473;	1800;	17336.30231177994;	1.1690509321516085;	107.20023778755518
XAL7050-473;	1850;	17939.53632124463;	1.1683126552488345;	106.00913953340165
XAL7050-473;	1900;	18542.777670961943;	1.1676215380737527;	104.81401674595806
XAL7050-473;	1950;	19146.025703651703;	1.1669732010969633;	103.6151868320207
