XAL7070-182;	50;	2.258497400775515;	1.0999999999999999;	4.819834710743801
XAL7070-182;	100;	4.516994801551031;	1.0999999999999996;	4.8198347107438
XAL7070-182;	150;	6.775492202326546;	1.0999999999999999;	4.819834710743801
XAL7070-182;	200;	9.033989603102059;	1.1;	4.819834710743802
XAL7070-182;	250;	11.29248700387757;	1.1000000000000003;	4.819834710743803
XAL7070-182;	300;	13.550984404653093;	1.0999999999999996;	4.819834710743797
XAL7070-182;	350;	15.809481805428604;	1.1;	4.819834710743801
XAL7070-182;	400;	18.067979206204118;	1.1;	4.819834710743803
XAL7070-182;	450;	20.326476606979636;	1.0999999999999999;	4.819834710743798
XAL7070-182;	500;	22.584974007755136;	1.1000000000000005;	4.819834710743805
XAL7070-182;	550;	25.561200185596572;	1.1000000000000003;	4.819834710743805
XAL7070-182;	600;	28.537426363438026;	1.0999999999999994;	4.819834710743794
XAL7070-182;	650;	31.513652541279438;	1.0999999999999999;	4.819834710743802
XAL7070-182;	700;	34.48987871912088;	1.0999999999999996;	4.819834710743793
XAL7070-182;	750;	37.4661048969623;	1.0999999999999999;	4.8198347107437955
XAL7070-182;	800;	40.44233107480374;	1.0999999999999996;	4.819834710743789
XAL7070-182;	850;	43.41855725264517;	1.0999999999999994;	4.819834710743788
XAL7070-182;	900;	46.39478343048658;	1.1000000000000003;	4.819834710743804
XAL7070-182;	950;	49.371009608328016;	1.0999999999999999;	4.819834710743788
XAL7070-182;	1000;	52.347235786169456;	1.0999999999999994;	4.819834710743786
XAL7070-182;	1050;	56.20289303670783;	1.0999999999999992;	4.819834710743779
XAL7070-182;	1100;	60.05855028724616;	1.0999999999999992;	4.819834710743786
XAL7070-182;	1150;	63.914207537784534;	1.099999999999999;	4.819834710743768
XAL7070-182;	1200;	67.76986478832286;	1.0999999999999994;	4.819834710743777
XAL7070-182;	1250;	71.62552203886122;	1.0999999999999994;	4.819834710743778
XAL7070-182;	1300;	75.48117928939958;	1.0999999999999992;	4.819834710743772
XAL7070-182;	1350;	79.33683653993795;	1.0999999999999988;	4.819834710743757
XAL7070-182;	1400;	83.19249379047623;	1.1;	4.819834710743788
XAL7070-182;	1450;	87.04815104101458;	1.0999999999999999;	4.819834710743807
XAL7070-182;	1500;	90.90380829155293;	1.0999999999999996;	4.819834710743794
XAL7070-182;	1550;	94.7594655420913;	1.0999999999999994;	4.81983471074377
XAL7070-182;	1600;	98.61512279262968;	1.0999999999999992;	4.8198347107437645
XAL7070-182;	1650;	102.47078004316798;	1.0999999999999996;	4.819834710743778
XAL7070-182;	1700;	106.32643729370633;	1.0999999999999996;	4.819834710743786
XAL7070-182;	1750;	110.18209454424458;	1.1000000000000008;	4.819834710743839
XAL7070-182;	1800;	114.03775179478299;	1.0999999999999999;	4.819834710743785
XAL7070-182;	1850;	117.89340904532139;	1.0999999999999994;	4.819834710743769
XAL7070-182;	1900;	121.74906629585972;	1.0999999999999999;	4.819834710743774
XAL7070-182;	1950;	125.60472354639806;	1.0999999999999996;	4.819834710743782
