XGL5050-103;	50;	19.113663341197146;	0.8956311020920005;	36.29752066115702
XGL5050-103;	100;	38.227326682394285;	0.8956311020920006;	36.29752066115702
XGL5050-103;	150;	57.34099002359146;	0.8956311020920001;	36.297520661157016
XGL5050-103;	200;	76.4546533647886;	0.8956311020920004;	36.29752066115702
XGL5050-103;	250;	95.5683167059858;	0.8956311020919998;	36.297520661157
XGL5050-103;	300;	114.68198460423537;	0.8956311020919999;	36.29752066115702
XGL5050-103;	350;	123.85124264585087;	0.97468934826875;	36.63199607181694
XGL5050-103;	400;	133.5011519811363;	1.0347409573156023;	36.686677062117404
XGL5050-103;	450;	143.46914885341752;	1.0818224447294313;	36.55624100451348
XGL5050-103;	500;	153.65733227480618;	1.1196881974858601;	36.297520661157016
XGL5050-103;	550;	168.01595759446568;	1.1722613912065993;	36.67589001303789
XGL5050-103;	600;	182.66820430946356;	1.2129535993046014;	36.89082935914482
XGL5050-103;	650;	197.52072388646272;	1.245362385560379;	36.993918222782035
XGL5050-103;	700;	212.5156579796303;	1.2717728991064028;	37.0172132852698
XGL5050-103;	750;	227.6153470826925;	1.293703710369515;	36.98164133200025
XGL5050-103;	800;	242.79427071477454;	1.3122022613186066;	36.901424190079
XGL5050-103;	850;	258.03454130820467;	1.3280139019621673;	36.78655767920141
XGL5050-103;	900;	273.3232601672208;	1.3416832096660498;	36.64426808343289
XGL5050-103;	950;	288.65089708016245;	1.3536171878116383;	36.47990684566251
XGL5050-103;	1000;	304.01026093424525;	1.3641260523576497;	36.29752066115699
XGL5050-103;	1050;	326.2161634560463;	1.3580299447289637;	36.32091453664493
XGL5050-103;	1100;	348.4311562661899;	1.3526549616440051;	36.33925298233523
XGL5050-103;	1150;	370.6537387626341;	1.3478803402120156;	36.35337400475101
XGL5050-103;	1200;	392.88272320389126;	1.3436108477920559;	36.3639401029152
XGL5050-103;	1250;	415.11715740660145;	1.3397703756504187;	36.37148188188966
XGL5050-103;	1300;	437.3562686714345;	1.3362973703864542;	36.376429674505864
XGL5050-103;	1350;	459.59942407999006;	1.3331415125465211;	36.379135554112594
XGL5050-103;	1400;	481.84609961791375;	1.3302612675716077;	36.37989096248535
XGL5050-103;	1450;	504.09585821163125;	1.3276220482694072;	36.37893872635471
XGL5050-103;	1500;	526.3483321034248;	1.3251948214253655;	36.37648313991639
XGL5050-103;	1550;	548.6032100283812;	1.3229550355295243;	36.37269691739268
XGL5050-103;	1600;	570.8602261901481;	1.3208817892878788;	36.36772760690111
XGL5050-103;	1650;	593.1191527669894;	1.3189571767735317;	36.36170155375773
XGL5050-103;	1700;	615.3797931734089;	1.3171657698304458;	36.35472771868798
XGL5050-103;	1750;	637.6419768441842;	1.3154942039217123;	36.346900663485485
XGL5050-103;	1800;	659.905555134494;	1.3139308442163369;	36.338302745144595
XGL5050-103;	1850;	682.1703979341024;	1.3124655145341284;	36.32900597767369
XGL5050-103;	1900;	704.4363907295793;	1.3110892758948867;	36.31907384763344
XGL5050-103;	1950;	726.7034325200309;	1.3097942438440304;	36.3085622134544
