XGL5030-332;	50;	6.910084595665279;	0.9536533498590096;	15.828099173553714
XGL5030-332;	100;	13.820169397267115;	0.9536533498590105;	15.828099173553717
XGL5030-332;	150;	20.32285320866536;	0.9442548467757386;	15.828561951359651
XGL5030-332;	200;	26.826310415296245;	0.9393510068962578;	15.828568947926483
XGL5030-332;	250;	33.330093837951225;	0.9363398228634957;	15.82838361744749
XGL5030-332;	300;	39.834047874423106;	0.9343028309395004;	15.828099173553724
XGL5030-332;	350;	48.479279796946436;	0.9169609326655611;	15.834094620962947
XGL5030-332;	400;	57.13314059090125;	0.9045458723979469;	15.834967601274982
XGL5030-332;	450;	65.79243129829905;	0.8952199940039746;	15.832614578189492
XGL5030-332;	500;	74.45535993204278;	0.8879582167025999;	15.828099173553719
XGL5030-332;	550;	77.08286894518656;	0.9400134891900238;	16.055518191972162
XGL5030-332;	600;	79.85151685821148;	0.9846289099412817;	16.201244963777995
XGL5030-332;	650;	82.73148063800024;	1.0232532185212921;	16.282611475962863
XGL5030-332;	700;	85.70045427238904;	1.0569924269497941;	16.312519676778237
XGL5030-332;	750;	88.7415312468326;	1.0867022046475687;	16.300721813698313
XGL5030-332;	800;	91.84172158684108;	1.113053112115511;	16.254700383776623
XGL5030-332;	850;	94.9909115474775;	1.1365770604915557;	16.180277965217073
XGL5030-332;	900;	98.18112720269002;	1.1577007795854333;	16.082045677763478
XGL5030-332;	950;	101.4060082051898;	1.1767702160299343;	15.963667214531133
XGL5030-332;	1000;	104.66042571090232;	1.19406855393071;	15.828099173553728
XGL5030-332;	1050;	110.44121636761591;	1.2133814128209754;	15.898671412946452
XGL5030-332;	1100;	116.25142806025863;	1.2302146516745172;	15.95294727369903
XGL5030-332;	1150;	122.08554537964079;	1.2450153824310717;	15.993960401386879
XGL5030-332;	1200;	127.9393431791637;	1.2581296655302252;	16.024038204242526
XGL5030-332;	1250;	133.8095318421581;	1.2698294435173714;	16.04499562857094
XGL5030-332;	1300;	139.69351319479586;	1.2803313203159523;	16.05826817999325
XGL5030-332;	1350;	145.58920864706886;	1.2898099218941856;	16.0650058154579
XGL5030-332;	1400;	151.49493580856173;	1.2984075743175034;	16.066140651801298
XGL5030-332;	1450;	157.4093187834359;	1.3062414265393851;	16.062435913604045
XGL5030-332;	1500;	163.3312217278081;	1.3134087714252405;	16.054522384341826
XGL5030-332;	1550;	169.25969855928616;	1.3199910764878324;	16.042926020620758
XGL5030-332;	1600;	175.1939551041175;	1.32605707031493;	16.02808900342769
XGL5030-332;	1650;	181.1333200056455;	1.331665134937178;	16.01038530148312
XGL5030-332;	1700;	187.07722172013516;	1.3368651807034029;	15.990133719703204
XGL5030-332;	1750;	193.02517083921273;	1.341700126624057;	15.967607342751045
XGL5030-332;	1800;	198.97674577069517;	1.3462070822758834;	15.943041679167786
XGL5030-332;	1850;	204.93158132288553;	1.3504182979354395;	15.916641025300915
XGL5030-332;	1900;	210.88935974253548;	1.3543619334235713;	15.888583131956668
XGL5030-332;	1950;	216.8498031741379;	1.3580626864610423;	15.859023638823595
