XGL5030-472;	50;	9.318294887249412;	0.9971961478090302;	26.062809917355366
XGL5030-472;	100;	18.63659005220565;	0.9971961478090301;	26.062809917355366
XGL5030-472;	150;	26.470498533601834;	1.0060446106764456;	26.06335940952542
XGL5030-472;	200;	34.30532934880182;	1.0107935995521706;	26.063372512285593
XGL5030-472;	250;	42.14056112507986;	1.0137561729910607;	26.06315237293166
XGL5030-472;	300;	49.97600620538007;	1.0157807375132502;	26.062809917355366
XGL5030-472;	350;	59.972770313300785;	1.0016430070635252;	26.067819056889807
XGL5030-472;	400;	69.97680017281064;	0.991322945013295;	26.06859446225733
XGL5030-472;	450;	79.98552020906773;	0.9834585525476497;	26.06663593016218
XGL5030-472;	500;	89.99744378414529;	0.9772667165119401;	26.062809917355374
XGL5030-472;	550;	94.81595166118488;	1.0307046078252944;	26.327020810582642
XGL5030-472;	600;	99.8136613803937;	1.0749186518140612;	26.489364287516274
XGL5030-472;	650;	104.94554395668665;	1.1120737713917532;	26.57537336784041
XGL5030-472;	700;	110.18017625308092;	1.1437161923390993;	26.60284114403558
XGL5030-472;	750;	115.4950738431099;	1.1709764436365508;	26.5844982871273
XGL5030-472;	800;	120.87377610984868;	1.1946986251810083;	26.529671901455934
XGL5030-472;	850;	126.3039835555063;	1.2155248440913835;	26.44533916811568
XGL5030-472;	900;	131.7763355875817;	1.233951745952897;	26.336817817702777
XGL5030-472;	950;	137.28359074972818;	1.2503692180981856;	26.208228126688777
XGL5030-472;	1000;	142.82006414841743;	1.2650874452094303;	26.062809917355388
XGL5030-472;	1050;	154.37215017287824;	1.2753999295214637;	26.088117214298396
XGL5030-472;	1100;	165.93580182246794;	1.2841244479225238;	26.107017688025294
XGL5030-472;	1150;	177.50849835576753;	1.2916013568244027;	26.12090240582946
XGL5030-472;	1200;	189.08840128957718;	1.2980802806833538;	26.130787177161142
XGL5030-472;	1250;	200.67413836102264;	1.3037484433351765;	26.137431056421338
XGL5030-472;	1300;	212.26466477865435;	1.3087490112715707;	26.141412402977366
XGL5030-472;	1350;	223.8591709118208;	1.3131933291964497;	26.143179901979753
XGL5030-472;	1400;	235.45701986598604;	1.3171692923754594;	26.143086758004888
XGL5030-472;	1450;	247.0577036338453;	1.320747209850399;	26.14141486213958
XGL5030-472;	1500;	258.66081211814554;	1.3239839918831444;	26.138391991250828
XGL5030-472;	1550;	270.266010818976;	1.3269261952496227;	26.134203920174155
XGL5030-472;	1600;	281.87302380574926;	1.3296122760749953;	26.129004120479035
XGL5030-472;	1650;	293.4816217910358;	1.332074276687087;	26.122920103868758
XGL5030-472;	1700;	305.09161251453367;	1.3343391095505441;	26.116058857514304
XGL5030-472;	1750;	316.70283360141775;	1.3364295440528822;	26.108510755786067
XGL5030-472;	1800;	328.31514694042875;	1.3383649741667416;	26.10035278172462
XGL5030-472;	1850;	339.9284343962616;	1.3401620213258707;	26.091650665282813
XGL5030-472;	1900;	351.54259422085073;	1.3418350129369399;	26.082461153176766
XGL5030-472;	1950;	363.15753837111845;	1.3433963647520222;	26.07283333483977
