XGL5050-122;	50;	1.7342470214001409;	1.0738189226858004;	4.522314049586776
XGL5050-122;	100;	3.468494042800282;	1.0738189226858004;	4.522314049586776
XGL5050-122;	150;	5.202741064200426;	1.0738189226858;	4.522314049586775
XGL5050-122;	200;	6.936988085600564;	1.0738189226858004;	4.522314049586777
XGL5050-122;	250;	8.671235107000705;	1.0738189226858004;	4.522314049586778
XGL5050-122;	300;	10.40548212840085;	1.0738189226858;	4.522314049586775
XGL5050-122;	350;	12.13972914980099;	1.0738189226858001;	4.522314049586776
XGL5050-122;	400;	13.87397617120113;	1.0738189226858001;	4.522314049586776
XGL5050-122;	450;	15.608223192601269;	1.0738189226858004;	4.522314049586779
XGL5050-122;	500;	17.342470214001413;	1.0738189226858001;	4.522314049586778
XGL5050-122;	550;	18.346443956667247;	1.0946841301352888;	4.531595121584465
XGL5050-122;	600;	19.35607870839778;	1.112740988022921;	4.537666085216601
XGL5050-122;	650;	20.37026834880249;	1.128518472598702;	4.5411521200313665
XGL5050-122;	700;	21.388175467915993;	1.1424210649321105;	4.542526733821326
XGL5050-122;	750;	22.409154938452797;	1.1547632061902502;	4.5421549185758225
XGL5050-122;	800;	23.432702013746738;	1.1657929510770682;	4.540322428097221
XGL5050-122;	850;	24.45841630032456;	1.1757085597695038;	4.537256088816862
XGL5050-122;	900;	25.485976207551154;	1.184670365096156;	4.533138224295878
XGL5050-122;	950;	26.51512056469703;	1.192809407058062;	4.528116994508022
XGL5050-122;	1000;	27.54563509568672;	1.2002338176571496;	4.522314049586772
XGL5050-122;	1050;	28.63255452689563;	1.2136522712293234;	4.533094795004987
XGL5050-122;	1100;	29.723311033557874;	1.2258056175311074;	4.541746098069294
XGL5050-122;	1150;	30.81736742313225;	1.2368640736153838;	4.5485639712350725
XGL5050-122;	1200;	31.914281731117327;	1.2469687383746724;	4.553792216445083
XGL5050-122;	1250;	33.013687132171476;	1.2562375419522414;	4.5576334030864745
XGL5050-122;	1300;	34.11527669236408;	1.2647697989778905;	4.5602572236813055
XGL5050-122;	1350;	35.218791699357425;	1.2726497313088543;	4.561806848122382
XGL5050-122;	1400;	36.32401259047302;	1.279949222678866;	4.562403892174207
XGL5050-122;	1450;	37.430751828311074;	1.2867299931897163;	4.562152353021142
XGL5050-122;	1500;	38.538848278044796;	1.2930453305376146;	4.561141679473439
XGL5050-122;	1550;	39.64816282724618;	1.2989414774972672;	4.559449116626198
XGL5050-122;	1600;	40.75857460067404;	1.304458760307274;	4.55714189800559
XGL5050-122;	1650;	41.869978225191;	1.3096325005491318;	4.554278632192186
XGL5050-122;	1700;	42.982281317011385;	1.3144937692398866;	4.550910806254872
XGL5050-122;	1750;	44.09540263963626;	1.319070004724278;	4.547083661621071
XGL5050-122;	1800;	45.20927038987793;	1.3233855293505297;	4.542837272226488
XGL5050-122;	1850;	46.323820944043;	1.3274619776285979;	4.5382071251992535
XGL5050-122;	1900;	47.43899766912917;	1.331318658131399;	4.533224866335153
XGL5050-122;	1950;	48.55475002548306;	1.3349728568927808;	4.527918737395568
