XGL5030-222;	50;	4.908176266183218;	1.01659019098891;	10.948760330578512
XGL5030-222;	100;	9.81635267864149;	1.0165901909889097;	10.94876033057851
XGL5030-222;	150;	14.026723718550162;	1.0210694230576773;	10.948834469693171
XGL5030-222;	200;	18.237219774908702;	1.023465641000765;	10.94883617440081
XGL5030-222;	250;	22.447769979561258;	1.0249577447344034;	10.948806473429169
XGL5030-222;	300;	26.658350163446308;	1.0259762164460802;	10.94876033057851
XGL5030-222;	350;	31.14389701948105;	1.0298037285659136;	10.948954749064281
XGL5030-222;	400;	35.629726384086965;	1.0326504543828914;	10.94898625970081
XGL5030-222;	450;	40.11574107883829;	1.0348505547724618;	10.948910490252256
XGL5030-222;	500;	44.60188428147243;	1.03660187408406;	10.948760330578512
XGL5030-222;	550;	47.77756102814268;	1.0630441982807026;	10.983815231597376
XGL5030-222;	600;	50.97607052740251;	1.085201818645768;	11.005860680543778
XGL5030-222;	650;	54.19211819867184;	1.104033956284839;	11.017906634666502
XGL5030-222;	700;	57.42191856048277;	1.1202344671732754;	11.022105500703164
XGL5030-222;	750;	60.66269668612325;	1.134317342953679;	11.020035658293446
XGL5030-222;	800;	63.912373606404486;	1.1466712721518528;	11.012880351404633
XGL5030-222;	850;	67.16936208438247;	1.1575955291291269;	11.001543470026425
XGL5030-222;	900;	70.43242982276925;	1.1673242298096334;	10.986727269024097
XGL5030-222;	950;	73.70060585973502;	1.1760431136205194;	10.96898543398797
XGL5030-222;	1000;	76.9731149733819;	1.1839014031080402;	10.948760330578517
XGL5030-222;	1050;	80.22814534818608;	1.2057709583084693;	11.01982779607637
XGL5030-222;	1100;	83.51093060014298;	1.2251983253521512;	11.075561648439782
XGL5030-222;	1150;	86.81685833241099;	1.2425683787057615;	11.118486953955127
XGL5030-222;	1200;	90.14227457004628;	1.2581896620811535;	11.150607143340757
XGL5030-222;	1250;	93.4842495430573;	1.2723122987141202;	11.173530910471928
XGL5030-222;	1300;	96.84040774978598;	1.285141120973095;	11.188565307354404
XGL5030-222;	1350;	100.20880489542384;	1.2968454179526;	11.196780907254837
XGL5030-222;	1400;	103.5878337016775;	1.307566301352466;	11.199064847586296
XGL5030-222;	1450;	106.97615523176347;	1.3174223032005123;	11.19615688036907
XGL5030-222;	1500;	110.37264504187056;	1.3265137056678848;	11.188679256988186
XGL5030-222;	1550;	113.77635207941059;	1.3349259117897934;	11.177159102720946
XGL5030-222;	1600;	117.18646728570444;	1.342732093292646;	11.162045137559158
XGL5030-222;	1650;	120.60229696000826;	1.3499953079309999;	11.143723036228048
XGL5030-222;	1700;	124.02324418189343;	1.356770175002785;	11.122524705844711
XGL5030-222;	1750;	127.4487918477443;	1.363104243282373;	11.098738254529021
XGL5030-222;	1800;	130.87849011280548;	1.3690390946377013;	11.072614476615346
XGL5030-222;	1850;	134.3119457151646;	1.3746112504589296;	11.044372909419613
XGL5030-222;	1900;	137.74881342894653;	1.3798529169679021;	11.014206454952523
XGL5030-222;	1950;	141.18878893621593;	1.384792603336802;	10.982285342152489
