XGL5050-282;	50;	4.838219152454279;	1.0182689487639598;	10.115702479338841
XGL5050-282;	100;	9.676438304908562;	1.0182689487639593;	10.11570247933884
XGL5050-282;	150;	14.514657457362839;	1.0182689487639598;	10.115702479338841
XGL5050-282;	200;	19.352876609817116;	1.0182689487639598;	10.115702479338843
XGL5050-282;	250;	24.191095762271395;	1.0182689487639598;	10.115702479338841
XGL5050-282;	300;	29.02931491472568;	1.0182689487639596;	10.115702479338836
XGL5050-282;	350;	33.86753406717996;	1.0182689487639596;	10.11570247933884
XGL5050-282;	400;	38.70575321963423;	1.0182689487639598;	10.115702479338843
XGL5050-282;	450;	43.54397237208852;	1.0182689487639596;	10.115702479338838
XGL5050-282;	500;	48.382191524542776;	1.01826894876396;	10.115702479338845
XGL5050-282;	550;	50.81505582988721;	1.0514205089925204;	10.178245846612073
XGL5050-282;	600;	53.28675971034553;	1.0799215006456715;	10.218692880915688
XGL5050-282;	650;	55.78931323360535;	1.1046771657251317;	10.241576107601768
XGL5050-282;	700;	58.316745102627756;	1.1263743335801026;	10.250281608447677
XGL5050-282;	750;	60.86451262931696;	1.1455429112836397;	10.247385686633471
XGL5050-282;	800;	63.42910384388438;	1.1625979169198561;	10.234881040749748
XGL5050-282;	850;	66.00776390220479;	1.1778688002788589;	10.214331925397582
XGL5050-282;	900;	68.59830341409699;	1.19162028213237;	10.18698251404545
XGL5050-282;	950;	71.19896157282705;	1.2040674241376148;	10.153834357393759
XGL5050-282;	1000;	73.80830690225386;	1.2153866979045005;	10.115702479338857
XGL5050-282;	1050;	77.07874525369692;	1.2324822205546118;	10.158846520132037
XGL5050-282;	1100;	80.36567119438041;	1.2477338783409788;	10.192882251144232
XGL5050-282;	1150;	83.66645222250347;	1.2614234959650497;	10.219251854508046
XGL5050-282;	1200;	86.97898440826854;	1.2737784770515999;	10.239109642444541
XGL5050-282;	1250;	90.30156665921233;	1.284984286094967;	10.253390450024689
XGL5050-282;	1300;	93.6328096614033;	1.2951936528944628;	10.262858577527961
XGL5050-282;	1350;	96.97156737325597;	1.3045334719045287;	10.268145801470185
XGL5050-282;	1400;	100.31688688920764;	1.3131100223409005;	10.269777672700615
XGL5050-282;	1450;	103.6679689814208;	1.3210129854279613;	10.268195922613423
XGL5050-282;	1500;	107.02413883869905;	1.3283185518538152;	10.263773790421219
XGL5050-282;	1550;	110.38482256813073;	1.3350918633288484;	10.256829219314005
XGL5050-282;	1600;	113.7495292826058;	1.3413889397668712;	10.247634312996075
XGL5050-282;	1650;	117.11783677434181;	1.3472582180875172;	10.236423359095676
XGL5050-282;	1700;	120.48937933471139;	1.352741795886691;	10.223399708209419
XGL5050-282;	1750;	123.86383939504553;	1.3578764281879316;	10.208739860104233
XGL5050-282;	1800;	127.24093936436341;	1.3626943514882774;	10.19259841879146
XGL5050-282;	1850;	130.62043577649467;	1.3672239548327008;	10.17511101591619
XGL5050-282;	1900;	134.0021141295566;	1.371490337010499;	10.156397278462098
XGL5050-282;	1950;	137.38578472398152;	1.3755157691472963;	10.136563092058951
