XGL5050-472;	50;	8.537308225613783;	0.9662726652026399;	16.542148760330573
XGL5050-472;	100;	17.074616451227563;	0.9662726652026403;	16.542148760330573
XGL5050-472;	150;	25.611924676841358;	0.9662726652026398;	16.542148760330566
XGL5050-472;	200;	34.149232902455125;	0.9662726652026402;	16.542148760330576
XGL5050-472;	250;	42.68654112806891;	0.9662726652026401;	16.54214876033057
XGL5050-472;	300;	51.223849353682695;	0.96627266520264;	16.542148760330573
XGL5050-472;	350;	59.76115757929653;	0.9662726652026393;	16.54214876033055
XGL5050-472;	400;	68.29846580491028;	0.9662726652026397;	16.542148760330562
XGL5050-472;	450;	76.83577403052406;	0.9662726652026398;	16.542148760330566
XGL5050-472;	500;	85.37308225613783;	0.9662726652026399;	16.542148760330562
XGL5050-472;	550;	89.01394158932492;	1.021600334891495;	16.819327868968067
XGL5050-472;	600;	92.83723254463831;	1.0681260156492292;	16.99279819353768
XGL5050-472;	650;	96.80015321942314;	1.1077552880764294;	17.08683617179467
XGL5050-472;	700;	100.87194099315175;	1.14189182569547;	17.1188533134463
XGL5050-472;	750;	105.03004808766624;	1.1715887578661948;	17.101604826218054
XGL5050-472;	800;	109.2576351773468;	1.1976497670782469;	17.044621653705118
XGL5050-472;	850;	113.54190696897174;	1.2206977717425835;	16.955153568990287
XGL5050-472;	900;	117.87298619015309;	1.24122244680855;	16.838804852350645
XGL5050-472;	950;	122.24313748200696;	1.259613690800403;	16.699971820367214
XGL5050-472;	1000;	126.64622339643824;	1.2761855907682595;	16.542148760330544
XGL5050-472;	1050;	134.08397667613937;	1.2895165945229772;	16.58418498239513
XGL5050-472;	1100;	141.53901423829384;	1.301178881717537;	16.616695964146967
XGL5050-472;	1150;	149.00819773957988;	1.3114668159440332;	16.64139966729245
XGL5050-472;	1200;	156.48910330295868;	1.320609475277126;	16.659625104927485
XGL5050-472;	1250;	163.97982972085472;	1.3287877745612315;	16.672416227663344
XGL5050-472;	1300;	171.47886499423916;	1.3361464756300578;	16.680604534535647
XGL5050-472;	1350;	178.98499168184986;	1.3428027787739871;	16.684860313520513
XGL5050-472;	1400;	186.49721884511624;	1.3488525761611363;	16.685729807495246
XGL5050-472;	1450;	194.0147315699061;	1.354375080556754;	16.683662810365433
XGL5050-472;	1500;	201.53685383014437;	1.3594362965752131;	16.679032744225747
XGL5050-472;	1550;	209.06301989110392;	1.3640916625319761;	16.67215248860576
XGL5050-472;	1600;	216.59275294121963;	1.3683880809886162;	16.663285923280984
XGL5050-472;	1650;	224.12564810788632;	1.372365500389345;	16.65265742903276
XGL5050-472;	1700;	231.66135967898182;	1.376058156002161;	16.640458512263063
XGL5050-472;	1750;	239.19959032132348;	1.3794955567692921;	16.626854274338104
XGL5050-472;	1800;	246.74008325216585;	1.3827032720654717;	16.611987184701782
XGL5050-472;	1850;	254.2826152907764;	1.3857035685244241;	16.59598130918308
XGL5050-472;	1900;	261.82699173889125;	1.3885159256897024;	16.578944862327518
XGL5050-472;	1950;	269.37304188922224;	1.3911574590024596;	16.560972781891177
