XGL5030-183;	50;	34.83957417796683;	0.9971288498721101;	103.77520661157024
XGL5030-183;	100;	69.67914939423386;	0.9971288498721105;	103.77520661157025
XGL5030-183;	150;	100.7722485490915;	1.0105763700698562;	103.77981840350577
XGL5030-183;	200;	131.87319137149683;	1.0175533756467245;	103.7798721104601
XGL5030-183;	250;	162.97740367418407;	1.0218242063118819;	103.77802559093844
XGL5030-183;	300;	194.08330116185223;	1.0247075598799598;	103.77520661157024
XGL5030-183;	350;	218.56459486262355;	1.1294110920596077;	104.63132260495333
XGL5030-183;	400;	244.3962938119589;	1.2004665719138425;	104.723713128833
XGL5030-183;	450;	270.98941450324645;	1.2517439070519734;	104.3833431295677
XGL5030-183;	500;	298.0512848909836;	1.2904537223253902;	103.77520661157028
XGL5030-183;	550;	348.7643188893421;	1.2986269758435751;	103.79268562010259
XGL5030-183;	600;	399.4917618975465;	1.3046468236362847;	103.8021655890472
XGL5030-183;	650;	450.2285518220221;	1.3092651822771126;	103.80645252858648
XGL5030-183;	700;	500.97174894601625;	1.312920417229636;	103.8071774899599
XGL5030-183;	750;	551.7195292381725;	1.3158853446319358;	103.80535325263044
XGL5030-183;	800;	602.47070097618;	1.318338636305072;	103.80164189967242
XGL5030-183;	850;	653.2244526234894;	1.3204022027701368;	103.79649451407113
XGL5030-183;	900;	703.9802124241816;	1.32216207439345;	103.79022903209915
XGL5030-183;	950;	754.7375659425377;	1.3236806964782837;	103.78307598632314
XGL5030-183;	1000;	805.496205437606;	1.32500449293706;	103.77520661157024
XGL5030-183;	1050;	898.996900926253;	1.3013965716783977;	104.60424042338501
XGL5030-183;	1100;	992.8619223106107;	1.2814629922264493;	105.22743300764635
XGL5030-183;	1150;	1087.015462399666;	1.264410300677691;	105.68802434563705
XGL5030-183;	1200;	1181.4012728694252;	1.2496576172059781;	106.0179789757112
XGL5030-183;	1250;	1275.9767673067888;	1.2367700599883709;	106.24142495349278
XGL5030-183;	1300;	1370.7091294043141;	1.2254156709334258;	106.37690742311263
XGL5030-183;	1350;	1465.5726699609697;	1.215336720639076;	106.43891642554162
XGL5030-183;	1400;	1560.547001208091;	1.206330088641137;	106.43893054134737
XGL5030-183;	1450;	1655.6157382373053;	1.198233548955051;	106.38616220925626
XGL5030-183;	1500;	1750.765567084897;	1.1909159837907966;	106.28808693911539
XGL5030-183;	1550;	1845.9855563844415;	1.1842702782612133;	106.15083825336127
XGL5030-183;	1600;	1941.2666535356075;	1.1782080719018742;	105.97948693853179
XGL5030-183;	1650;	2036.6012935578606;	1.172655832649397;	105.77826963835834
XGL5030-183;	1700;	2131.983108370786;	1.1675518734387549;	105.55074979870452
XGL5030-183;	1750;	2227.4066992019157;	1.1628440617006923;	105.29994655797773
XGL5030-183;	1800;	2322.8674610167322;	1.158488039402302;	105.02843184071513
XGL5030-183;	1850;	2418.3614367689147;	1.1544458288212056;	104.73841875346146
XGL5030-183;	1900;	2513.885215068668;	1.1506847234198225;	104.43180964287113
XGL5030-183;	1950;	2609.4358332674;	1.1471764067121184;	104.11025865864025
