XGL5050-562;	50;	9.605800457536253;	1.0000136951068;	21.302479338842968
XGL5050-562;	100;	19.211600915072506;	1.0000136951067997;	21.302479338842968
XGL5050-562;	150;	28.817401372608767;	1.0000136951067995;	21.30247933884296
XGL5050-562;	200;	38.423201830145;	1.0000136951068002;	21.30247933884297
XGL5050-562;	250;	48.02900228768125;	1.0000136951068;	21.302479338842968
XGL5050-562;	300;	57.634802745217485;	1.0000136951068004;	21.302479338842975
XGL5050-562;	350;	67.24060320275376;	1.0000136951068002;	21.30247933884297
XGL5050-562;	400;	76.84640366028998;	1.0000136951068004;	21.30247933884298
XGL5050-562;	450;	86.45220411782628;	1.0000136951067997;	21.302479338842954
XGL5050-562;	500;	96.0580045753625;	1.0000136951068;	21.30247933884297
XGL5050-562;	550;	102.24346606574015;	1.045999404421376;	21.511502771592525
XGL5050-562;	600;	108.57204785706514;	1.0837825889316988;	21.639185004671553
XGL5050-562;	650;	115.00697416238062;	1.1153577166975723;	21.706369987260953
XGL5050-562;	700;	121.52289790090252;	1.1421269994230194;	21.72741649353634
XGL5050-562;	750;	128.10184325262057;	1.1651030497708121;	21.712510351505962
XGL5050-562;	800;	134.73073633403087;	1.1850344236793184;	21.66906643866118
XGL5050-562;	850;	141.3998567581842;	1.202485900332946;	21.602603557653243
XGL5050-562;	900;	148.10183518892524;	1.2178913335159776;	21.517310910447367
XGL5050-562;	950;	154.8309878302425;	1.2315893453319484;	21.416423807782724
XGL5050-562;	1000;	161.58286334308002;	1.24384799733432;	21.30247933884296
XGL5050-562;	1050;	171.4071277212159;	1.2567951665331971;	21.352621961481972
XGL5050-562;	1100;	181.25213887900804;	1.2680879894576709;	21.39128288000234
XGL5050-562;	1150;	191.11406401722266;	1.2780240336205293;	21.420571261239424
XGL5050-562;	1200;	200.98995754404356;	1.2868336368768039;	21.442110263272088
XGL5050-562;	1250;	210.87751877861322;	1.294697855202241;	21.45716940637383
XGL5050-562;	1300;	220.77492514592086;	1.301760957666963;	21.466755448670696
XGL5050-562;	1350;	230.68071416925378;	1.3081393087676607;	21.471677246002013
XGL5050-562;	1400;	240.59369897803026;	1.313927797195588;	21.472591827476826
XGL5050-562;	1450;	250.51290625022145;	1.3192045680777158;	21.47003859497276
XGL5050-562;	1500;	260.4375305686132;	1.3240345563064517;	21.46446420405968
XGL5050-562;	1550;	270.36689961144845;	1.328472163392305;	21.456241878227978
XGL5050-562;	1600;	280.30044751878773;	1.332563309589062;	21.44568600416831
XGL5050-562;	1650;	290.23769508788064;	1.336347022134719;	21.433063007279593
XGL5050-562;	1700;	300.17823363723744;	1.3398566818404172;	21.41860016539014
XGL5050-562;	1750;	310.1217123620634;	1.3431210084293925;	21.402492863090988
XGL5050-562;	1800;	320.06782862366214;	1.3461648457840907;	21.384909650511894
XGL5050-562;	1850;	330.0163200535586;	1.3490097938926096;	21.365996695841968
XGL5050-562;	1900;	339.9669577013836;	1.3516747224050043;	21.345881707884473
XGL5050-562;	1950;	349.91954123269323;	1.3541761876504312;	21.324676472876334
