XGL5030-822;	50;	17.634332315018487;	1.0147165348500806;	43.43801652892562
XGL5030-822;	100;	35.26866515558102;	1.0147165348500808;	43.43801652892563
XGL5030-822;	150;	53.91001049706604;	0.9761754090549691;	43.45803884054499
XGL5030-822;	200;	72.58520391419027;	0.9564486658003046;	43.45824501558501
XGL5030-822;	250;	91.27443769326972;	0.9444648738207322;	43.450228392926746
XGL5030-822;	300;	109.97083971145298;	0.9364137427400603;	43.43801652892563
XGL5030-822;	350;	118.4366383721724;	1.0138533273511028;	43.746658428825825
XGL5030-822;	400;	127.3477964845849;	1.0730899332798838;	43.79822224149644
XGL5030-822;	450;	136.55617129196742;	1.119791000002619;	43.6780756286161
XGL5030-822;	500;	145.9717094809603;	1.1575191469507802;	43.43801652892564
XGL5030-822;	550;	160.2963376058993;	1.2102338782964186;	43.79308469820428
XGL5030-822;	600;	174.901396059845;	1.2507094699713348;	43.99287376739479
XGL5030-822;	650;	189.69555166215537;	1.2827452770082983;	44.087531530991896
XGL5030-822;	700;	204.62299600721403;	1.308722101246125;	44.10781003923967
XGL5030-822;	750;	219.64780174501493;	1.3302052075314639;	44.07357777104718
XGL5030-822;	800;	234.7458345636334;	1.3482649155008517;	43.99822614718786
XGL5030-822;	850;	249.90029951630197;	1.3636574109952007;	43.89110321324709
XGL5030-822;	900;	265.0991571892236;	1.376931872980123;	43.75892902362714
XGL5030-822;	950;	280.3335564125498;	1.3884966456082064;	43.60665674446873
XGL5030-822;	1000;	295.59684696773456;	1.3986615944074798;	43.43801652892564
XGL5030-822;	1050;	324.6417377962646;	1.377803041522653;	43.69786389654039
XGL5030-822;	1100;	353.7922565490674;	1.359739770439013;	43.89841439720903
XGL5030-822;	1150;	383.02938463388097;	1.3439468962431549;	44.050482297375886
XGL5030-822;	1200;	412.3383855035563;	1.3300228609827371;	44.16241146679793
XGL5030-822;	1250;	441.70766837663956;	1.3176553073591217;	44.24074300821135
XGL5030-822;	1300;	471.1279966810861;	1.3065976617554624;	44.290673312428545
XGL5030-822;	1350;	500.59192092939094;	1.2966527170930573;	44.316383225916624
XGL5030-822;	1400;	530.0933684043798;	1.2876608882405824;	44.32127329704336
XGL5030-822;	1450;	559.6273403938644;	1.2794916631386573;	44.308137217310865
XGL5030-822;	1500;	589.1896849347755;	1.2720372814517875;	44.27929216852572
XGL5030-822;	1550;	618.7769262608774;	1.265207989377124;	44.23667455691672
XGL5030-822;	1600;	648.3861320046474;	1.258928435571666;	44.18191637212652
XGL5030-822;	1650;	678.0148121950963;	1.2531348959439301;	44.116401240595536
XGL5030-822;	1700;	707.6608381108831;	1.247773117997224;	44.04131144614844
XGL5030-822;	1750;	737.3223803438469;	1.2427966246618445;	43.95766119305978
XGL5030-822;	1800;	766.9978564245131;	1.2381653727643462;	43.866328353616616
XGL5030-822;	1850;	796.6858925996211;	1.2338446758133517;	43.76807308319913
XGL5030-822;	1900;	826.3852887374491;	1.2298043400151433;	43.663560137041735
XGL5030-822;	1950;	856.0949933513897;	1.2260179587237372;	43.55337059818438
