XGL5030-122;	50;	3.203271547885341;	0.9705183834313601;	5.950413223140495
XGL5030-122;	100;	6.406543191235615;	0.97051838343136;	5.950413223140495
XGL5030-122;	150;	9.002039932877505;	0.969245967387246;	5.950417277963568
XGL5030-122;	200;	11.59754342165686;	0.9685418394616916;	5.950417422626754
XGL5030-122;	250;	14.19304992846312;	0.9680947833481777;	5.950415797948988
XGL5030-122;	300;	16.788559061504124;	0.9677857486811898;	5.950413223140492
XGL5030-122;	350;	17.0976932112988;	1.0274970468858953;	5.983177062578507
XGL5030-122;	400;	17.450222255388123;	1.0795193600001771;	5.99099601234581
XGL5030-122;	450;	17.837503050323836;	1.125190337308365;	5.978817236388095
XGL5030-122;	500;	18.252923781579103;	1.1655690342506697;	5.950413223140492
XGL5030-122;	550;	19.79682740673768;	1.1804317491784295;	5.954975794630318
XGL5030-122;	600;	21.343755684127522;	1.192834389666608;	5.957840860530104
XGL5030-122;	650;	22.89300135165672;	1.2033404147355509;	5.959404041519628
XGL5030-122;	700;	24.444061345385006;	1.212353577590697;	5.959947029201559
XGL5030-122;	750;	25.996568172607194;	1.2201707165169082;	5.959675804100154
XGL5030-122;	800;	27.550247188492456;	1.227014920333159;	5.958744437785174
XGL5030-122;	850;	29.104889053241404;	1.2330570777311405;	5.95727046465417
XGL5030-122;	900;	30.660331415229685;	1.2384302930148892;	5.955345105618146
XGL5030-122;	950;	32.21644645444109;	1.2432397761487917;	5.953040228748342
XGL5030-122;	1000;	33.77313216609689;	1.2475697830339505;	5.9504132231405
XGL5030-122;	1050;	35.52038860006884;	1.2579507639495944;	5.957815558975592
XGL5030-122;	1100;	37.270470333277224;	1.2671926687415693;	5.96365294752159
XGL5030-122;	1150;	39.02292562111539;	1.2754729630052692;	5.968174236195375
XGL5030-122;	1200;	40.777393934816516;	1.2829341163675372;	5.9715782526794206
XGL5030-122;	1250;	42.53358409122418;	1.2896918128265908;	5.9740257526352725
XGL5030-122;	1300;	44.2912583740946;	1.2958409559715258;	5.975648114162137
XGL5030-122;	1350;	46.05022083804368;	1.3014601293655135;	5.97655371508715
XGL5030-122;	1400;	47.81030851486354;	1.3066149570881491;	5.976832787398977
XGL5030-122;	1450;	49.57138476336625;	1.3113606671866267;	5.976561058468205
XGL5030-122;	1500;	51.33333420517492;	1.3157440696288396;	5.975802487212258
XGL5030-122;	1550;	53.09605870003504;	1.3198051009791172;	5.97461154836764
XGL5030-122;	1600;	54.85947427566206;	1.3235780399739545;	5.973034870780468
XGL5030-122;	1650;	56.623508642563486;	1.3270924748653816;	5.97111263786566
XGL5030-122;	1700;	58.38809926470973;	1.330374078221629;	5.968879605673365
XGL5030-122;	1750;	60.15319173356214;	1.3334452341062513;	5.966366054887396
XGL5030-122;	1800;	61.91873851291805;	1.3363255477010902;	5.963598444347265
XGL5030-122;	1850;	63.68469788169235;	1.3390322634388296;	5.960600010365978
XGL5030-122;	1900;	65.45103307111283;	1.3415806098085712;	5.9573912416438395
XGL5030-122;	1950;	67.21771154964708;	1.3439840854799494;	5.953990276974626
