XGL5050-152;	50;	1.9902945551764302;	1.1465146576334;	5.593388429752065
XGL5050-152;	100;	3.98058911035286;	1.1465146576334002;	5.593388429752065
XGL5050-152;	150;	5.970883665529291;	1.1465146576334;	5.593388429752065
XGL5050-152;	200;	7.9611782207057225;	1.1465146576333998;	5.593388429752064
XGL5050-152;	250;	9.95147277588215;	1.1465146576334;	5.593388429752065
XGL5050-152;	300;	11.941767331058582;	1.1465146576334;	5.593388429752064
XGL5050-152;	350;	13.932061886235015;	1.1465146576333998;	5.593388429752064
XGL5050-152;	400;	15.922356441411447;	1.1465146576333998;	5.593388429752062
XGL5050-152;	450;	17.912650996587868;	1.1465146576334;	5.593388429752067
XGL5050-152;	500;	19.9029455517643;	1.1465146576333998;	5.593388429752065
XGL5050-152;	550;	21.883023262369292;	1.1473315255345733;	5.593403951808382
XGL5050-152;	600;	23.863111124417284;	1.148011913076145;	5.593413717028074
XGL5050-152;	650;	25.84320678747424;	1.1485873872902839;	5.593419058134306
XGL5050-152;	700;	27.82330857473011;	1.14908047705775;	5.593420925948985
XGL5050-152;	750;	29.80341525780824;	1.1495076917397558;	5.593420017047615
XGL5050-152;	800;	31.783525916226395;	1.149881405743133;	5.593416853434475
XGL5050-152;	850;	33.76363984674737;	1.150211076787566;	5.5934118339110075
XGL5050-152;	900;	35.74375650263037;	1.1505040574335084;	5.5934052685619475
XGL5050-152;	950;	37.72387545259735;	1.1507661499229698;	5.593397401979849
XGL5050-152;	1000;	39.70399635179119;	1.15100199433534;	5.59338842975207
XGL5050-152;	1050;	40.687845937434496;	1.1745286032153675;	5.64135833354279
XGL5050-152;	1100;	41.688294624706764;	1.1960561127523242;	5.680161560568957
XGL5050-152;	1150;	42.70317601514813;	1.215825194617712;	5.710980783401953
XGL5050-152;	1200;	43.730676440696406;	1.23403999234313;	5.734807030724994
XGL5050-152;	1250;	44.76926769696079;	1.2508746766746872;	5.75247635679451
XGL5050-152;	1300;	45.817654310555874;	1.266478664196281;	5.764698316640697
XGL5050-152;	1350;	46.874731634736904;	1.2809808043347697;	5.772078839848572
XGL5050-152;	1400;	47.9395525767909;	1.2944927560632775;	5.77513819528377
XGL5050-152;	1450;	49.011300880780986;	1.3071117302842807;	5.774325509087919
XGL5050-152;	1500;	50.08926977970199;	1.318922726680111;	5.770030085595845
XGL5050-152;	1550;	51.17284419265605;	1.3300003793266375;	5.762591470203347
XGL5050-152;	1600;	52.26148680814402;	1.340410471462944;	5.752306527220423
XGL5050-152;	1650;	53.35472603849953;	1.350211203702339;	5.7394363335490155
XGL5050-152;	1700;	54.452146507902896;	1.3594542456370213;	5.724211184053703
XGL5050-152;	1750;	55.55338107890399;	1.3681856196830464;	5.70683478183912
XGL5050-152;	1800;	56.65810386096782;	1.3764464508606191;	5.6874884148264835
XGL5050-152;	1850;	57.76602487216864;	1.3842735938207265;	5.666333484732016
XGL5050-152;	1900;	58.876885154467196;	1.39170017172663;	5.643514343141913
XGL5050-152;	1950;	59.990452740267216;	1.3987560347133043;	5.619160515549136
