XGL5030-562;	50;	11.318536672249405;	1.0510317736258403;	28.68099173553719
XGL5030-562;	100;	22.637073681817498;	1.0510317736258399;	28.680991735537187
XGL5030-562;	150;	33.53234169737503;	1.0353102963323428;	28.683092509425222
XGL5030-562;	200;	44.43118808760074;	1.0271271295143611;	28.683123443653475
XGL5030-562;	250;	55.33154245744207;	1.0221090920013114;	28.682282150712165
XGL5030-562;	300;	66.23267757084129;	1.0187174678795101;	28.680991735537194
XGL5030-562;	350;	78.0217842214995;	1.0138809938110727;	28.68177236244558
XGL5030-562;	400;	89.81201874945808;	1.0102873121108893;	28.68189925607107
XGL5030-562;	450;	101.60299513015445;	1.0075119525486922;	28.68159509381763
XGL5030-562;	500;	113.39448643389463;	1.0053039823996295;	28.68099173553716
XGL5030-562;	550;	120.47386685622273;	1.0589594218616656;	29.004551839424465
XGL5030-562;	600;	127.78026994736436;	1.1026527204091054;	29.19965978659694
XGL5030-562;	650;	135.25285418413807;	1.1388918527772938;	29.300609074188106
XGL5030-562;	700;	142.85038289364175;	1.169417317646076;	29.3306329539408
XGL5030-562;	750;	150.54404331177977;	1.1954716292405636;	29.305976085827304
XGL5030-562;	800;	158.3131546237472;	1.2179639795469137;	29.238313386798715
XGL5030-562;	850;	166.14251756049504;	1.2375741925169117;	29.136238976338802
XGL5030-562;	900;	174.0207270394351;	1.2548203322546987;	29.006212620011375
XGL5030-562;	950;	181.93906607857895;	1.2701038731028558;	28.853180579789335
XGL5030-562;	1000;	189.8907633050932;	1.2837406061866299;	28.68099173553713
XGL5030-562;	1050;	205.8869662876618;	1.287697569848061;	28.686137194323052
XGL5030-562;	1100;	221.885466510784;	1.2910615600524902;	28.690006548094537
XGL5030-562;	1150;	237.88578041669328;	1.2939565646506788;	28.692867993172957
XGL5030-562;	1200;	253.88755125187043;	1.2964742594587766;	28.694919487720938
XGL5030-562;	1250;	269.89051005697314;	1.2986838896234145;	28.696310343052748
XGL5030-562;	1300;	285.89445022992254;	1.300638733993375;	28.697155297530983
XGL5030-562;	1350;	301.89921044820915;	1.3023804558633247;	28.697543971664775
XGL5030-562;	1400;	317.90466290175954;	1.303942104673006;	28.697547400399188
XGL5030-562;	1450;	333.91070503604914;	1.3053502325957382;	28.697222582630637
XGL5030-562;	1500;	349.9172535837691;	1.3066264163773484;	28.696615832020218
XGL5030-562;	1550;	365.9242402770995;	1.3077883704303568;	28.69576509119839
XGL5030-562;	1600;	381.9316085562615;	1.3088507741431425;	28.694701847227112
XGL5030-562;	1650;	397.9393112175838;	1.309825895028499;	28.693452351178177
XGL5030-562;	1700;	413.9473085339759;	1.3107240645663092;	28.69203870337203
XGL5030-562;	1750;	429.9555668155634;	1.3115540456515011;	28.690479667643434
XGL5030-562;	1800;	445.96405733322734;	1.3123233193331232;	28.688791230340893
XGL5030-562;	1850;	461.9727554234768;	1.3130383109572543;	28.686987119118523
XGL5030-562;	1900;	477.98163979318764;	1.3137045700390584;	28.68507919138664
XGL5030-562;	1950;	493.99069196328026;	1.314326914570269;	28.683077740572156
