XGL5050-222;	50;	3.6346753559985516;	1.0519430489153898;	8.092561983471073
XGL5050-222;	100;	7.2693507119971;	1.0519430489153903;	8.092561983471073
XGL5050-222;	150;	10.904026067995655;	1.0519430489153898;	8.092561983471073
XGL5050-222;	200;	14.538701423994201;	1.0519430489153903;	8.092561983471075
XGL5050-222;	250;	18.17337677999275;	1.0519430489153903;	8.092561983471075
XGL5050-222;	300;	21.8080521359913;	1.0519430489153903;	8.092561983471075
XGL5050-222;	350;	25.442727491989853;	1.0519430489153903;	8.092561983471077
XGL5050-222;	400;	29.07740284798841;	1.05194304891539;	8.092561983471072
XGL5050-222;	450;	32.71207820398696;	1.0519430489153898;	8.09256198347107
XGL5050-222;	500;	36.346753559985494;	1.0519430489153905;	8.092561983471082
XGL5050-222;	550;	38.97672144720659;	1.0719020339429348;	8.109423863224485
XGL5050-222;	600;	41.617443058368245;	1.0887705121976232;	8.120155604253638
XGL5050-222;	650;	44.26654090460649;	1.1032128775738927;	8.126109778337526
XGL5050-222;	700;	46.92228732238647;	1.1157162700745042;	8.128269551873215
XGL5050-222;	750;	49.583397513336145;	1.1266458603364307;	8.12736636598009
XGL5050-222;	800;	52.24889667657784;	1.1362807005945308;	8.123955424652612
XGL5050-222;	850;	54.91803206656175;	1.1448376561159863;	8.118465691694393
XGL5050-222;	900;	57.59021337316064;	1.1524877878599258;	8.111233717133576
XGL5050-222;	950;	60.264971188465935;	1.1593678240287164;	8.102527287409572
XGL5050-222;	1000;	62.94192772636535;	1.1655883504017606;	8.09256198347108
XGL5050-222;	1050;	64.9295878334137;	1.189422407248588;	8.165972785237235
XGL5050-222;	1100;	66.9441787070545;	1.2109446595248696;	8.224522597295504
XGL5050-222;	1150;	68.98174013851686;	1.230472277205268;	8.270373146947685
XGL5050-222;	1200;	71.03903914600482;	1.2482676005793887;	8.305291534009983
XGL5050-222;	1250;	73.11341338528925;	1.2645493547592193;	8.330734936369668
XGL5050-222;	1300;	75.20265230758949;	1.2795012587930565;	8.347915197830591
XGL5050-222;	1350;	77.30490668498928;	1.2932786920571464;	8.35784764059253
XGL5050-222;	1400;	79.4186184332621;	1.3060139118964005;	8.361389104613092
XGL5050-222;	1450;	81.54246603611777;	1.3178201684741635;	8.359267663639603
XGL5050-222;	1500;	83.67532227149294;	1.3287949721825176;	8.352104815575982
XGL5050-222;	1550;	85.81621896359034;	1.3390227304490832;	8.340436145305503
XGL5050-222;	1600;	87.9643215574101;	1.3485768504723878;	8.324723038761494
XGL5050-222;	1650;	90.11890580798206;	1.3575214770067245;	8.305367162880627
XGL5050-222;	1700;	92.2793409784541;	1.3659128947437666;	8.282718496367403
XGL5050-222;	1750;	94.44507497232401;	1.373800694308492;	8.2570839986547
XGL5050-222;	1800;	96.6156226092877;	1.3812287337576297;	8.228733809375864
XGL5050-222;	1850;	98.79055598577291;	1.3882359392642827;	8.197906334715647
XGL5050-222;	1900;	100.96949610473352;	1.3948569786728695;	8.164813137767657
XGL5050-222;	1950;	103.1521062485061;	1.4011228252311603;	8.129642352074084
