XGL5050-153;	50;	22.731457083030357;	1.0554263982795196;	59.26611570247932
XGL5050-153;	100;	45.46291416606072;	1.0554263982795191;	59.26611570247931
XGL5050-153;	150;	68.19437124909106;	1.0554263982795196;	59.26611570247931
XGL5050-153;	200;	90.92582833212143;	1.0554263982795193;	59.26611570247931
XGL5050-153;	250;	113.65728541515173;	1.0554263982795198;	59.26611570247933
XGL5050-153;	300;	136.38874791778375;	1.0554263982795198;	59.26611570247933
XGL5050-153;	350;	153.08039034502468;	1.1333055762091437;	59.62268486313653
XGL5050-153;	400;	170.31955597739974;	1.1886565587772069;	59.669663743622834
XGL5050-153;	450;	187.88944191996916;	1.2299681727690868;	59.52892525409701
XGL5050-153;	500;	205.67358306263628;	1.26195979894903;	59.26611570247932
XGL5050-153;	550;	231.67041936879448;	1.2734160480014503;	59.29271038722329
XGL5050-153;	600;	257.6871864564589;	1.2823923112865465;	59.30822778327766
XGL5050-153;	650;	283.71797878748436;	1.289615011974827;	59.31594160599277
XGL5050-153;	700;	309.7590132904146;	1.295552166032706;	59.31795159756279
XGL5050-153;	750;	335.80775475389333;	1.300518879004539;	59.315666384286956
XGL5050-153;	800;	361.8624406725727;	1.3047350689369428;	59.31006610460443
XGL5050-153;	850;	387.9218077445809;	1.308358880558858;	59.30185385296683
XGL5050-153;	900;	413.9849269084652;	1.3115069489352018;	59.2915470066755
XGL5050-153;	950;	440.0510996258647;	1.3142671787478393;	59.279534814183656
XGL5050-153;	1000;	466.1197906094541;	1.31670707654123;	59.26611570247933
XGL5050-153;	1050;	500.8948568537704;	1.312086328814388;	59.28618027740684
XGL5050-153;	1100;	535.6778675181353;	1.3080336840543794;	59.30181449429762
XGL5050-153;	1150;	570.4674565124644;	1.3044504616099604;	59.313782149481106
XGL5050-153;	1200;	605.2625538625475;	1.3012595806272547;	59.32268106147934
XGL5050-153;	1250;	640.062309629443;	1.2983999577303305;	59.32898581859884
XGL5050-153;	1300;	674.8660401270157;	1.2958225621559256;	59.33307796989376
XGL5050-153;	1350;	709.6731892082153;	1.2934875831639314;	59.335267706333944
XGL5050-153;	1400;	744.4832998171768;	1.2913623604270577;	59.33580986075628
XGL5050-153;	1450;	779.2959928429452;	1.2894198478561103;	59.33491577182395
XGL5050-153;	1500;	814.1109513133683;	1.2876374569534879;	59.33276195937805
XGL5050-153;	1550;	848.9279079678345;	1.2859961751038216;	59.32949735625871
XGL5050-153;	1600;	883.7466360906234;	1.2844798847608239;	59.3252481308172
XGL5050-153;	1650;	918.5669419367737;	1.283074832820837;	59.320122171402524
XGL5050-153;	1700;	953.3886590485941;	1.2817692123217153;	59.314212099964315
XGL5050-153;	1750;	988.2116435847399;	1.2805528300209807;	59.307597943392864
XGL5050-153;	1800;	1023.0357705866405;	1.2794168398445955;	59.30034922893328
XGL5050-153;	1850;	1057.8609310241002;	1.2783535274245952;	59.29252657933171
XGL5050-153;	1900;	1092.687029297745;	1.2773561347722848;	59.284183154717596
XGL5050-153;	1950;	1127.5139812466518;	1.2764187165226988;	59.2753657471694
