XGL5030-152;	50;	3.802828872135483;	0.9298510851811399;	8.092561983471073
XGL5030-152;	100;	7.605657857604099;	0.9298510851811398;	8.092561983471073
XGL5030-152;	150;	10.425068516843973;	0.9517650152659719;	8.093969086107153
XGL5030-152;	200;	13.246783820653441;	0.9639711793427093;	8.094020310258193
XGL5030-152;	250;	16.069544829571374;	0.9717499885000649;	8.093456498074788
XGL5030-152;	300;	18.89286928485291;	0.9771402919640907;	8.092561983471079
XGL5030-152;	350;	20.770074677722064;	1.0081407347676696;	8.101924280171463
XGL5030-152;	400;	22.660331561648732;	1.032738896550354;	8.103719850526089
XGL5030-152;	450;	24.559882027093057;	1.052726727421577;	8.100126394637238
XGL5030-152;	500;	26.466278185899025;	1.0692862491944806;	8.092561983471077
XGL5030-152;	550;	28.054571238419626;	1.0978608091917308;	8.117550357105197
XGL5030-152;	600;	29.65876837418352;	1.1221866470142956;	8.133547793567281
XGL5030-152;	650;	31.27543727419162;	1.1431404117878277;	8.142486672935885
XGL5030-152;	700;	32.90205828525439;	1.1613744169973736;	8.145786284980973
XGL5030-152;	750;	34.536742550342126;	1.1773837030907035;	8.144511438387745
XGL5030-152;	800;	36.17804765874945;	1.1915505262531239;	8.139476024776183
XGL5030-152;	850;	37.82485391748163;	1.2041746213904758;	8.131312473885906
XGL5030-152;	900;	39.47627938540475;	1.2154942537463855;	8.120519432497368
XGL5030-152;	950;	41.13162022438409;	1.2257011613963362;	8.107495272868096
XGL5030-152;	1000;	42.79030811400154;	1.2349513527876206;	8.092561983471082
XGL5030-152;	1050;	45.16003271895385;	1.242968098323465;	8.098152175535319
XGL5030-152;	1100;	47.53189878289942;	1.250087265306049;	8.102551527277322
XGL5030-152;	1150;	49.90555939700999;	1.2564514833126612;	8.105952199225896
XGL5030-152;	1200;	52.280738680202546;	1.2621747048975656;	8.108507129402133
XGL5030-152;	1250;	54.65721444236889;	1.2673490640366032;	8.110339598209057
XGL5030-152;	1300;	57.03480579597025;	1.2720498553045865;	8.111550034166667
XGL5030-152;	1350;	59.413363967657325;	1.2763392112026481;	8.112221097136807
XGL5030-152;	1400;	61.792765488518924;	1.2802688561164306;	8.112421431620973
XGL5030-152;	1450;	64.17290703733217;	1.2838821970650585;	8.112208513648671
XGL5030-152;	1500;	66.55370149382706;	1.2872159301669204;	8.111630836228843
XGL5030-152;	1550;	68.93507488891056;	1.2903012887162535;	8.110729590180373
XGL5030-152;	1600;	71.31696401199774;	1.2931650228985336;	8.109539994191326
XGL5030-152;	1650;	73.69931452616255;	1.29583017598719;	8.108092335970948
XGL5030-152;	1700;	76.08207946344312;	1.298316704752816;	8.10641280883046
XGL5030-152;	1750;	78.46521801827238;	1.3006419793232802;	8.104524177012369
XGL5030-152;	1800;	80.84869457064903;	1.3028211889703627;	8.102446319785734
XGL5030-152;	1850;	83.23247788395466;	1.304867673912173;	8.100196678365029
XGL5030-152;	1900;	85.61654046232958;	1.3067931981858094;	8.097790601039849
XGL5030-152;	1950;	88.00085798356508;	1.3086081759288362;	8.095241688204554
