XGL5050-223;	50;	38.27849121629844;	1.0024271052688396;	85.80495867768593
XGL5050-223;	100;	76.55698357338481;	1.0024271052688396;	85.80495867768592
XGL5050-223;	150;	108.05214299577605;	1.0705949613080754;	85.92496477265094
XGL5050-223;	200;	139.75714247205656;	1.1046720817471425;	85.92440144133212
XGL5050-223;	250;	171.5445698327458;	1.1251052960297596;	85.87641403318563
XGL5050-223;	300;	203.37275476058954;	1.1387195907622303;	85.80495867768597
XGL5050-223;	350;	234.7654007497438;	1.1961828933103145;	86.09512211260159
XGL5050-223;	400;	266.61004801276613;	1.2363290823142137;	86.13175064120533
XGL5050-223;	450;	298.7234279955258;	1.2659429575042545;	86.01706198407337
XGL5050-223;	500;	331.00924773601724;	1.2886812862994204;	85.80495867768596
XGL5050-223;	550;	378.6230676323037;	1.3090985911074522;	85.92786440744737
XGL5050-223;	600;	426.336122572142;	1.324445385049701;	85.9959384668825
XGL5050-223;	650;	474.11498147437743;	1.3364009088905926;	86.02757524520362
XGL5050-223;	700;	521.9397025985223;	1.3459769383313618;	86.03377334893842
XGL5050-223;	750;	569.797657413909;	1.3538193172123052;	86.02151157172455
XGL5050-223;	800;	617.6804626159187;	1.3603596216867437;	85.99542990880781
XGL5050-223;	850;	665.5823333473439;	1.3658971928103014;	85.95873516814538
XGL5050-223;	900;	713.4991510617656;	1.3706461650590351;	85.9137127005522
XGL5050-223;	950;	761.4279031447641;	1.3747637650562454;	85.86203611240741
XGL5050-223;	1000;	809.3663354475261;	1.37836803484312;	85.80495867768592
XGL5050-223;	1050;	857.3127276999595;	1.3815493213508598;	85.74343764058501
XGL5050-223;	1100;	905.2657443687486;	1.3843779475668831;	85.67821665633309
XGL5050-223;	1150;	953.2243328144763;	1.3869094681219865;	85.60988222447345
XGL5050-223;	1200;	1001.1876520892617;	1.3891883523886608;	85.53890324034573
XGL5050-223;	1250;	1049.1550224614316;	1.391250617597662;	85.46565873253796
XGL5050-223;	1300;	1097.1258883797905;	1.3931257458065989;	85.39045874628792
XGL5050-223;	1350;	1145.099791348438;	1.3948381016830198;	85.3135593660776
XGL5050-223;	1400;	1193.076349705244;	1.3964079965051397;	85.23517375770251
XGL5050-223;	1450;	1241.0552437088654;	1.3978524970170645;	85.15547988038007
XGL5050-223;	1500;	1289.0362016146373;	1.3991860495939032;	85.07463092071495
XGL5050-223;	1550;	1337.0189937029045;	1.400420962747402;	84.99275428070152
XGL5050-223;	1600;	1385.0034222719396;	1.4015677898923364;	84.90996095422594
XGL5050-223;	1650;	1432.9893173395296;	1.4026356307013434;	84.82634587147284
XGL5050-223;	1700;	1480.9765325099138;	1.403632372785189;	84.74198988107645
XGL5050-223;	1750;	1528.9649380863762;	1.4045648886323967;	84.65696737854924
XGL5050-223;	1800;	1576.9544226382443;	1.4054391916441988;	84.57133996357953
XGL5050-223;	1850;	1624.9448878616236;	1.4062605674959543;	84.48516236934806
XGL5050-223;	1900;	1672.936246501258;	1.407033681037931;	84.39848400994303
XGL5050-223;	1950;	1720.9284219807596;	1.4077626642720549;	84.3113474223248
