XGL5050-182;	50;	2.395142585374457;	1.1241665159568899;	7.735537190082644
XGL5050-182;	100;	4.790285170748913;	1.1241665159568899;	7.735537190082645
XGL5050-182;	150;	7.185427756123368;	1.12416651595689;	7.735537190082645
XGL5050-182;	200;	9.580570341497827;	1.1241665159568897;	7.735537190082644
XGL5050-182;	250;	11.97571292687228;	1.12416651595689;	7.7355371900826455
XGL5050-182;	300;	14.370855512246735;	1.12416651595689;	7.735537190082645
XGL5050-182;	350;	16.7659980976212;	1.1241665159568897;	7.735537190082642
XGL5050-182;	400;	19.161140682995644;	1.12416651595689;	7.735537190082647
XGL5050-182;	450;	21.556283268370102;	1.1241665159568903;	7.735537190082647
XGL5050-182;	500;	23.95142585374456;	1.12416651595689;	7.735537190082645
XGL5050-182;	550;	26.930556323933434;	1.1192839757617628;	7.7361668855201895
XGL5050-182;	600;	29.910120163913593;	1.1153429369182752;	7.7365492347282565
XGL5050-182;	650;	32.89000361909579;	1.112095043279306;	7.736749200406718
XGL5050-182;	700;	35.87012953794276;	1.109372223954647;	7.736810830490727
XGL5050-182;	750;	38.850443748659;	1.1070566789873972;	7.736765046435769
XGL5050-182;	800;	41.83090709672855;	1.1050633925790907;	7.7366341939343775
XGL5050-182;	850;	44.8114905787478;	1.1033294705431234;	7.73643482296672
XGL5050-182;	900;	47.79217225469596;	1.1018073848089553;	7.736179451142235
XGL5050-182;	950;	50.77293521838031;	1.100460551021044;	7.735877723616071
XGL5050-182;	1000;	53.75376623478332;	1.0992603501874694;	7.735537190082624
XGL5050-182;	1050;	55.022123079499735;	1.1259806983082488;	7.817263347830502
XGL5050-182;	1100;	56.31909530255751;	1.1503578508175105;	7.883101495273415
XGL5050-182;	1150;	57.64082813863301;	1.1726813895160386;	7.935172220318537
XGL5050-182;	1200;	58.98410947549851;	1.1931960444554581;	7.975242983758374
XGL5050-182;	1250;	60.34624573282771;	1.2121098483096204;	8.004796777965877
XGL5050-182;	1300;	61.72496398090852;	1.229600629084255;	8.025086156986882
XGL5050-182;	1350;	63.11833523600869;	1.2458211965173211;	8.037175170819733
XGL5050-182;	1400;	64.52471285014627;	1.2609035267382709;	8.041973282552672
XGL5050-182;	1450;	65.94268402878767;	1.274962139766072;	8.040261758945082
XGL5050-182;	1500;	67.37103010732739;	1.2880968610348542;	8.032715480233971
XGL5050-182;	1550;	68.80869505959029;	1.30039507423404;	8.019920097326743
XGL5050-182;	1600;	70.25475971564873;	1.3119335795820009;	8.002385973534652
XGL5050-182;	1650;	71.70842034484652;	1.32278013623788;	7.980560159178653
XGL5050-182;	1700;	73.16897147587265;	1.3329947406423428;	7.954835554478991
XGL5050-182;	1750;	74.6357914836498;	1.3426306981984428;	7.925558826931568
XGL5050-182;	1800;	76.10833052288656;	1.3517355246749188;	7.893037139439031
XGL5050-182;	1850;	77.58610073656202;	1.3603517039142;	7.8575432839806165
XGL5050-182;	1900;	79.06866758286996;	1.36851733510534;	7.819320763533069
XGL5050-182;	1950;	80.55564317822709;	1.3762666768182756;	7.778586938429413
