XGL5050-822;	50;	16.106461977906203;	0.8849972303416198;	29.63305785123966
XGL5050-822;	100;	32.21292395581239;	0.8849972303416201;	29.633057851239663
XGL5050-822;	150;	48.31938593371863;	0.8849972303416195;	29.633057851239652
XGL5050-822;	200;	64.42584791162479;	0.8849972303416203;	29.633057851239663
XGL5050-822;	250;	80.53230988953099;	0.88499723034162;	29.633057851239663
XGL5050-822;	300;	96.63877570751697;	0.88499723034162;	29.633057851239656
XGL5050-822;	350;	101.48017787801386;	0.9814991576486983;	30.052319771032685
XGL5050-822;	400;	106.91970679170514;	1.0564647908850422;	30.124538355242375
XGL5050-822;	450;	112.76445835300848;	1.1162193075962858;	29.9616089723225
XGL5050-822;	500;	118.89400942467239;	1.1648893791643906;	29.6330578512397
XGL5050-822;	550;	130.54343463823187;	1.204020802976868;	29.803744933896642
XGL5050-822;	600;	142.32190529513105;	1.2347272075260771;	29.90270573911127
XGL5050-822;	650;	154.1904314174837;	1.259456136577042;	29.95146487175054
XGL5050-822;	700;	166.12421976942227;	1.2797935593271326;	29.963746596710493
XGL5050-822;	750;	178.1067780986265;	1.2968113121806342;	29.94870433427811
XGL5050-822;	800;	190.12672153654867;	1.311259362804369;	29.912672294251486
XGL5050-822;	850;	202.17594331536534;	1.323677973281676;	29.860170906742205
XGL5050-822;	900;	214.24851685268393;	1.3344660956343855;	29.794511865935743
XGL5050-822;	950;	226.34001078358529;	1.3439246746325066;	29.718175910470265
XGL5050-822;	1000;	238.4470461903096;	1.35228496755495;	29.633057851239645
XGL5050-822;	1050;	255.21124037408998;	1.3542328885964414;	29.63480773129041
XGL5050-822;	1100;	271.9761476732937;	1.3559350057523285;	29.636163537365462
XGL5050-822;	1150;	288.7416405803781;	1.3574350824219494;	29.637195647226875
XGL5050-822;	1200;	305.5076202747843;	1.3587670753576722;	29.63795862235681
XGL5050-822;	1250;	322.2740089850911;	1.359957735757302;	29.638495415126833
XGL5050-822;	1300;	339.0407446646255;	1.3610284241997674;	29.638840306293005
XGL5050-822;	1350;	355.8077772202142;	1.36199640329113;	29.6390209663554
XGL5050-822;	1400;	372.57506575255667;	1.3628757754322325;	29.639060005262404
XGL5050-822;	1450;	389.34257654367684;	1.3636781743101403;	29.638976061187012
XGL5050-822;	1500;	406.1102815512756;	1.3644132824314796;	29.638784637187115
XGL5050-822;	1550;	422.8781572624311;	1.365089223718889;	29.638498730301386
XGL5050-822;	1600;	439.64618380527406;	1.3657128649968322;	29.638129337201587
XGL5050-822;	1650;	456.4143442845149;	1.3662900500604824;	29.637685796709448
XGL5050-822;	1700;	473.1826242300511;	1.3668257833740165;	29.63717611863081
XGL5050-822;	1750;	489.9510111825699;	1.3673243755295923;	29.636607193531955
XGL5050-822;	1800;	506.7194943834851;	1.3677895594004614;	29.635984970930274
XGL5050-822;	1850;	523.4880644271196;	1.3682245839545788;	29.63531465997749
XGL5050-822;	1900;	540.2567131221917;	1.3686322900399335;	29.634600792205973
XGL5050-822;	1950;	557.025433267265;	1.3690151726002344;	29.63384735326202
