XGL5050-682;	50;	14.246196680602662;	0.85937245400511;	24.991735537190074
XGL5050-682;	100;	28.49239336120533;	0.8593724540051098;	24.991735537190074
XGL5050-682;	150;	42.738590041807996;	0.8593724540051099;	24.991735537190074
XGL5050-682;	200;	56.984786722410654;	0.8593724540051099;	24.991735537190074
XGL5050-682;	250;	71.23098340301337;	0.8593724540051091;	24.991735537190046
XGL5050-682;	300;	85.47718348017392;	0.8593724540051102;	24.99173553719009
XGL5050-682;	350;	93.14058357418496;	0.9138649095537877;	25.117857557055228
XGL5050-682;	400;	100.97932043652624;	0.9562161041166136;	25.140346909186487
XGL5050-682;	450;	108.93885726635375;	0.9900450662948678;	25.091546726743324
XGL5050-682;	500;	116.98487694433506;	1.0176731299926502;	24.99173553719011
XGL5050-682;	550;	125.01080949223287;	1.0698033850109983;	25.302354117955197
XGL5050-682;	600;	133.25794673139671;	1.1119084554462884;	25.48794917823422
XGL5050-682;	650;	141.6652481866896;	1.1465995288337947;	25.582880304514216
XGL5050-682;	700;	150.19193352082925;	1.1756615961228323;	25.61010254206094
XGL5050-682;	750;	158.80983230042352;	1.2003533650701257;	25.58548795021909
XGL5050-682;	800;	167.4989106986393;	1.2215865343705068;	25.520340206501057
XGL5050-682;	850;	176.24455679105313;	1.2400369724034326;	25.422917538427306
XGL5050-682;	900;	185.0358759181144;	1.2562159679809146;	25.29938786175139
XGL5050-682;	950;	193.86458655503097;	1.2705172443181065;	25.154447775918236
XGL5050-682;	1000;	202.72428498164865;	1.2832487943194997;	24.99173553719001
XGL5050-682;	1050;	215.57925942901838;	1.2863374615249887;	24.99563344147928
XGL5050-682;	1100;	228.43575579445445;	1.2890640729197926;	24.998685692057283
XGL5050-682;	1150;	241.29351952534304;	1.2914887579532308;	25.00103348727976
XGL5050-682;	1200;	254.15234980607394;	1.293659030962621;	25.002788275930275
XGL5050-682;	1250;	267.0120861094473;	1.2956129342391636;	25.004039178540772
XGL5050-682;	1300;	279.8725986394977;	1.2973812859033615;	25.00485825622512
XGL5050-682;	1350;	292.7337811723289;	1.2989893174046394;	25.005304536703626
XGL5050-682;	1400;	305.5955460701375;	1.3004578840017558;	25.005426712031245
XGL5050-682;	1450;	318.45782033047647;	1.3018043742574266;	25.00526535406613
XGL5050-682;	1500;	331.3205426601345;	1.3030434015525385;	25.004854537570484
XGL5050-682;	1550;	344.1836612176957;	1.3041873364581533;	25.004223091898616
XGL5050-682;	1600;	357.0471318639602;	1.305246721078098;	25.003395565079135
XGL5050-682;	1650;	369.91091677630754;	1.3062305948385138;	25.00239300058716
XGL5050-682;	1700;	382.7749833652894;	1.3071467529876306;	25.00123352909125
XGL5050-682;	1750;	395.63930340458666;	1.3080019535182366;	24.999932846252463
XGL5050-682;	1800;	408.5038523027283;	1.3088020841763113;	24.99850464983921
XGL5050-682;	1850;	421.36860855509997;	1.309552298129234;	24.996960908427592
XGL5050-682;	1900;	434.2335532734205;	1.3102571250598585;	24.995312133334686
XGL5050-682;	1950;	447.0986697934226;	1.3109205627029052;	24.993567602275895
