XGL5030-103;	50;	20.176043823550472;	0.9944155674060096;	51.17355371900825
XGL5030-103;	100;	40.35208824839388;	0.9944155674060101;	51.173553719008254
XGL5030-103;	150;	61.62243740304474;	0.9523897939247825;	51.201099122605406
XGL5030-103;	200;	82.9390082924486;	0.9307491921835358;	51.20144488308778
XGL5030-103;	250;	104.27489858992031;	0.9175599865232964;	51.19041421383527
XGL5030-103;	300;	125.6206919700584;	0.9086809531602802;	51.17355371900826
XGL5030-103;	350;	135.8729048462747;	0.987486235246899;	51.53617973150756
XGL5030-103;	400;	146.64839065004043;	1.0472002685893063;	51.59502828367687
XGL5030-103;	450;	157.76892349519673;	1.093931640468261;	51.45354334722127
XGL5030-103;	500;	169.12768657223415;	1.13146250906952;	51.17355371900828
XGL5030-103;	550;	187.0332810025102;	1.1817039099984017;	51.54409019852313
XGL5030-103;	600;	205.23345601691872;	1.2199580047018914;	51.75065637025863
XGL5030-103;	650;	223.630345612727;	1.2500406287317414;	51.84736070119551
XGL5030-103;	700;	242.164871744763;	1.274309147537372;	51.86696047923534
XGL5030-103;	750;	260.799354941893;	1.294296267099483;	51.830409198813165
XGL5030-103;	800;	279.5086686610734;	1.3110407176157368;	51.75171864895981
XGL5030-103;	850;	298.2754309058709;	1.3252710011767448;	51.640606609618565
XGL5030-103;	900;	317.08724195620783;	1.3375129581221936;	51.50402176007121
XGL5030-103;	950;	335.93502298773535;	1.3481555514281778;	51.347062537890146
XGL5030-103;	1000;	354.81197633566626;	1.3574926248281796;	51.17355371900816
XGL5030-103;	1050;	390.50869323751505;	1.3400983125333568;	51.379401721033325
XGL5030-103;	1100;	426.2923686381505;	1.3251851894454836;	51.536451058758026
XGL5030-103;	1150;	462.14620959814675;	1.3122587042941227;	51.65420942066
XGL5030-103;	1200;	498.05747156430544;	1.300947338734366;	51.73986996507133
XGL5030-103;	1250;	534.0163105876052;	1.2909666421032657;	51.79897517459512
XGL5030-103;	1300;	570.015005310184;	1.282095167967744;	51.83586298794733
XGL5030-103;	1350;	606.0474153487686;	1.2741579657871436;	51.85397678471736
XGL5030-103;	1400;	642.1085970627126;	1.2670149993944513;	51.856084810828015
XGL5030-103;	1450;	678.1945261622797;	1.2605528595542392;	51.844437180462535
XGL5030-103;	1500;	714.301895482605;	1.2546787260099699;	51.82088035846262
XGL5030-103;	1550;	750.42795792826;	1.2493159073892621;	51.78694849611582
XGL5030-103;	1600;	786.5704186612045;	1.2444004794386587;	51.74391939167733
XGL5030-103;	1650;	822.7273423240986;	1.239878740606143;	51.692870646971926
XGL5030-103;	1700;	858.8970853352571;	1.2357052482611774;	51.634717741202884
XGL5030-103;	1750;	895.0782443655065;	1.231841289368537;	51.57024095073352
XGL5030-103;	1800;	931.2696134838055;	1.2282536805327462;	51.50011039570016
XGL5030-103;	1850;	967.4701505675804;	1.224913815367616;	51.424904925115946
XGL5030-103;	1900;	1003.6789504496063;	1.2217969020337411;	51.34512713451065
XGL5030-103;	1950;	1039.895223234394;	1.2188813481731748;	51.26121537304372
