XGL5030-182;	50;	3.8027444056573465;	1.0647159421944898;	8.925619834710742
XGL5030-182;	100;	7.605488924645304;	1.06471594219449;	8.925619834710742
XGL5030-182;	150;	11.06348822283511;	1.0464950977260623;	8.926590114267054
XGL5030-182;	200;	14.52312468883396;	1.036710668817586;	8.926615278409331
XGL5030-182;	250;	17.983478247047536;	1.0306051668780238;	8.926226534576138
XGL5030-182;	300;	21.444210787193207;	1.0264321083381203;	8.925619834710744
XGL5030-182;	350;	23.88965253331822;	1.0472184167834735;	8.930397685014055
XGL5030-182;	400;	26.34182221604773;	1.0635873873281187;	8.931301143486273
XGL5030-182;	450;	28.798747626711304;	1.0768102646931568;	8.929464678118414
XGL5030-182;	500;	31.259157627175448;	1.0877136856870504;	8.925619834710742
XGL5030-182;	550;	32.97449229648834;	1.1225363102799808;	8.968530709532176
XGL5030-182;	600;	34.71749024717898;	1.152142618566391;	8.995907239059898
XGL5030-182;	650;	36.48208587221996;	1.1776136102640482;	9.01113452796358
XGL5030-182;	700;	38.26384470633126;	1.1997532459147684;	9.016689581418067
XGL5030-182;	750;	40.0594561358142;	1.219171155678314;	9.014423960483775
XGL5030-182;	800;	41.866402106886056;	1.2363376219125732;	9.005748007936573
XGL5030-182;	850;	43.682735349401895;	1.2516210175060325;	8.991754044957238
XGL5030-182;	900;	45.50692749381572;	1.265313857549742;	8.97330075262517
XGL5030-182;	950;	47.33776289524506;	1.2776512865479015;	8.951072197884669
XGL5030-182;	1000;	49.17426301652881;	1.2888244328099796;	8.925619834710739
XGL5030-182;	1050;	51.94885431812198;	1.2970702359192614;	8.93232536328447
XGL5030-182;	1100;	54.72605440319225;	1.3043760126913742;	8.937589317879729
XGL5030-182;	1150;	57.50543303095478;	1.3108937145842827;	8.941648303136402
XGL5030-182;	1200;	60.28664950777394;	1.3167442415494528;	8.944689895149967
XGL5030-182;	1250;	63.06943059673062;	1.3220249825436796;	8.94686465821364
XGL5030-182;	1300;	65.85355459603197;	1.3268152626343936;	8.948294891778882
XGL5030-182;	1350;	68.63883976695338;	1.3311803429765638;	8.949080925083916
XGL5030-182;	1400;	71.42513572220825;	1.3351744038181945;	8.949305847497444
XGL5030-182;	1450;	74.21231694405085;	1.3388427995628855;	8.949039061213547
XGL5030-182;	1500;	77.00027786230028;	1.3422237846916905;	8.948338971030825
XGL5030-182;	1550;	79.78892903702916;	1.345349850305157;	8.947255093634052
XGL5030-182;	1600;	82.57819419132329;	1.3482487697274326;	8.945829689405103
XGL5030-182;	1650;	85.36800787524884;	1.3509444245267173;	8.944099044855594
XGL5030-182;	1700;	88.15831364160807;	1.3534574626182143;	8.942094438592706
XGL5030-182;	1750;	90.94906251037236;	1.3558058278668308;	8.939843061789093
XGL5030-182;	1800;	93.74021178884522;	1.35800518847418;	8.93736860562063
XGL5030-182;	1850;	96.5317240993479;	1.360069286473722;	8.934691830689074
XGL5030-182;	1900;	99.32356657252079;	1.362010224889925;	8.931830998776407
XGL5030-182;	1950;	102.11571019225748;	1.3638387049214857;	8.928802233776558
