XGL5030-223;	50;	45.166958566694014;	1.0099779676133802;	126.1487603305785
XGL5030-223;	100;	90.33391847946827;	1.0099779676133804;	126.1487603305785
XGL5030-223;	150;	130.19832388850094;	1.0642246956375143;	126.23888572848534
XGL5030-223;	200;	170.22062352813944;	1.0909995725502355;	126.23817678106707
XGL5030-223;	250;	210.30425026897515;	1.1069493914843334;	126.20215396116983
XGL5030-223;	300;	250.41803702346846;	1.1175339102511608;	126.1487603305786
XGL5030-223;	350;	295.545604044783;	1.1740944095344195;	126.48522443270983
XGL5030-223;	400;	341.2049051075389;	1.212216976865391;	126.522307330893
XGL5030-223;	450;	387.1663425322487;	1.2396382963026393;	126.3887185735958
XGL5030-223;	500;	433.3155675513818;	1.2603038215508502;	126.14876033057848
XGL5030-223;	550;	519.3420210791223;	1.2696049141877;	126.17926155916903
XGL5030-223;	600;	605.3950523816214;	1.2761672481408337;	126.19496142307956
XGL5030-223;	650;	691.4643717067138;	1.2810451720885607;	126.20158305568276
XGL5030-223;	700;	777.5443933244577;	1.2848134171974157;	126.20223612245843
XGL5030-223;	750;	863.6318234021564;	1.2878119574476445;	126.19875558983237
XGL5030-223;	800;	949.7245938680163;	1.2902547622771676;	126.19229426597637
XGL5030-223;	850;	1035.8213408414758;	1.292283220861886;	126.18361272574785
XGL5030-223;	900;	1121.921128416419;	1.2939945104389512;	126.17323307614822
XGL5030-223;	950;	1208.023293004099;	1.2954576241230384;	126.16152563100773
XGL5030-223;	1000;	1294.1273510109481;	1.2967228976780796;	126.1487603305786
XGL5030-223;	1050;	1446.2257437646022;	1.266065062037467;	128.5465699418145
XGL5030-223;	1100;	1599.3298452613385;	1.239927365787171;	130.37089175446852
XGL5030-223;	1150;	1753.2438104132723;	1.2173845044276108;	131.73473608393257
XGL5030-223;	1200;	1907.8189906417626;	1.197746390347249;	132.72346804881983
XGL5030-223;	1250;	2062.9406599418553;	1.1804881812051156;	133.40272722183678
XGL5030-223;	1300;	2218.518952396063;	1.1652037925760768;	133.82376915797565
XGL5030-223;	1350;	2374.4825123744995;	1.1515742263228677;	134.02720366909386
XGL5030-223;	1400;	2530.774020457782;	1.1393454776840488;	134.04557186403656
XGL5030-223;	1450;	2687.346898337833;	1.1283128426199005;	133.90528849437757
XGL5030-223;	1500;	2844.1629430148114;	1.118309534439472;	133.62798022506533
XGL5030-223;	1550;	3001.190529317819;	1.1091983172422988;	133.23152812854843
XGL5030-223;	1600;	3158.403249315182;	1.1008652566579906;	132.73085840098017
XGL5030-223;	1650;	3315.778904524735;	1.0932149809168257;	132.13849590645904
XGL5030-223;	1700;	3473.2986842728524;	1.0861670610295222;	131.4650543052539
XGL5030-223;	1750;	3630.9465559891914;	1.0796531973849246;	130.7195723158192
XGL5030-223;	1800;	3788.7087736089597;	1.0736150202972117;	129.9097926915293
XGL5030-223;	1850;	3946.5734773840463;	1.068002353505308;	129.04239642387518
XGL5030-223;	1900;	4104.530388334067;	1.0627718260479753;	128.12317129528023
XGL5030-223;	1950;	4262.570552339047;	1.057885758525524;	127.1571576698713
