XGL5050-333;	50;	57.53323436076394;	1.0444658667380597;	127.33884297520657
XGL5050-333;	100;	115.06647043615185;	1.04446586673806;	127.33884297520659
XGL5050-333;	150;	165.02641127016236;	1.1146251840888444;	127.525420597099
XGL5050-333;	200;	215.31797320987516;	1.1487687704255436;	127.52289904824993
XGL5050-333;	250;	265.7355333388228;	1.168954560448365;	127.44837571364701
XGL5050-333;	300;	316.2142846506545;	1.18228668586652;	127.33884297520656
XGL5050-333;	350;	374.1998892348179;	1.2352404672232498;	127.71112979650033
XGL5050-333;	400;	432.7782629242717;	1.270955354934665;	127.75241931626049
XGL5050-333;	450;	491.6938554275598;	1.2966589957153283;	127.60464281029469
XGL5050-333;	500;	550.8192778724501;	1.31603878729789;	127.3388429752066
XGL5050-333;	550;	632.6357456408266;	1.3066441322908213;	127.38865275377428
XGL5050-333;	600;	714.4891761654583;	1.2992902180875805;	127.41785112296785
XGL5050-333;	650;	796.368808836519;	1.2933773561954478;	127.43245276207819
XGL5050-333;	700;	878.267689306816;	1.288519827818915;	127.43633998521018
XGL5050-333;	750;	960.1811236229797;	1.2844582795440131;	127.43213070940547
XGL5050-333;	800;	1042.1058290701446;	1.2810118978007305;	127.42165432186667
XGL5050-333;	850;	1124.0394409782195;	1.2780507736718034;	127.40622774013957
XGL5050-333;	900;	1205.9802128146962;	1.2754791681739348;	127.38682310989374
XGL5050-333;	950;	1287.9268266145327;	1.2732249715798254;	127.3641736944061
XGL5050-333;	1000;	1369.878269153994;	1.271232837629169;	127.33884297520603
XGL5050-333;	1050;	1451.833748679709;	1.2694595800814061;	127.31127112730202
XGL5050-333;	1100;	1533.792637556722;	1.2678710071875898;	127.28180696467226
XGL5050-333;	1150;	1615.7544318103237;	1.2664396960778475;	127.25073052735779
XGL5050-333;	1200;	1697.7187221634229;	1.2651433967625172;	127.21826913627447
XGL5050-333;	1250;	1779.6851727320814;	1.2639638674165794;	127.18460933513481
XGL5050-333;	1300;	1861.653505259847;	1.262886010762103;	127.14990569250294
XGL5050-333;	1350;	1943.623487423554;	1.2618972244409665;	127.11428709607381
XGL5050-333;	1400;	2025.5949235008995;	1.260986906202727;	127.0778622590694
XGL5050-333;	1450;	2107.567647645441;	1.2601460721738629;	127.04072318490935
XGL5050-333;	1500;	2189.5415183164614;	1.2593670594592168;	127.00294835359043
XGL5050-333;	1550;	2271.5164138419636;	1.258643292009578;	126.96460541775095
XGL5050-333;	1600;	2353.492229320033;	1.2579690944400563;	126.92575249875414
XGL5050-333;	1650;	2435.468873625802;	1.257339543016349;	126.88644016137992
XGL5050-333;	1700;	2517.446267381285;	1.2567503451544775;	126.84671233912366
XGL5050-333;	1750;	2599.424340795512;	1.2561977415373509;	126.80660795734374
XGL5050-333;	1800;	2681.4030327727037;	1.255678425639503;	126.7661606827001
XGL5050-333;	1850;	2763.382288708681;	1.2551894778183863;	126.72540139032697
XGL5050-333;	1900;	2845.362061805232;	1.2547283097116237;	126.68435467875209
XGL5050-333;	1950;	2927.342308368523;	1.254292619542019;	126.64304589746364
