XGL5030-102;	50;	2.170520300160894;	0.9998032735150804;	5.712396694214876
XGL5030-102;	100;	4.341040600321789;	0.9998032735150801;	5.712396694214876
XGL5030-102;	150;	6.511560900482688;	0.9998032735150797;	5.712396694214874
XGL5030-102;	200;	8.682081200643575;	0.9998032735150807;	5.7123966942148785
XGL5030-102;	250;	10.852601500804472;	0.9998032735150802;	5.712396694214877
XGL5030-102;	300;	13.023122318457732;	0.9998032735150802;	5.7123966942148785
XGL5030-102;	350;	13.96648894248479;	1.035213145047763;	5.721080146262992
XGL5030-102;	400;	14.92174376457101;	1.0643887108838628;	5.722914415425847
XGL5030-102;	450;	15.885891634088033;	1.088833584173514;	5.719622093427697
XGL5030-102;	500;	16.856856743881643;	1.1096065054117206;	5.712396694214881
XGL5030-102;	550;	18.012333530518564;	1.1250329503560872;	5.7172609093150175
XGL5030-102;	600;	19.17083951388329;	1.1382538713093326;	5.720411848893492
XGL5030-102;	650;	20.331754160811016;	1.1497098497069125;	5.722199456125608
XGL5030-102;	700;	21.494615101538066;	1.1597316391432422;	5.722884649728644
XGL5030-102;	750;	22.65907089328167;	1.1685723269778259;	5.722665884238588
XGL5030-102;	800;	23.824849711648266;	1.1764288361171218;	5.721696757530111
XGL5030-102;	850;	24.991738064699277;	1.1834566670628532;	5.720097979920673
XGL5030-102;	900;	26.15956596467917;	1.1897802338137684;	5.717965726724183
XGL5030-102;	950;	27.328196408530403;	1.1955002547024505;	5.715377552889299
XGL5030-102;	1000;	28.49751775520034;	1.2006991325653302;	5.712396694214879
XGL5030-102;	1050;	29.6257423838001;	1.2135136584191215;	5.722632709490986
XGL5030-102;	1100;	30.757593471042558;	1.2251291296609725;	5.730855122096912
XGL5030-102;	1150;	31.892567598146726;	1.2357057562841445;	5.737341546184181
XGL5030-102;	1200;	33.030249896171426;	1.2453765169766127;	5.74232101064014
XGL5030-102;	1250;	34.170295507744775;	1.2542526901452067;	5.745984087084216
XGL5030-102;	1300;	35.31241546976564;	1.2624280943802935;	5.748490637933568
XGL5030-102;	1350;	36.45636590044418;	1.269982373967223;	5.749975702707223
XGL5030-102;	1400;	37.60193956322493;	1.2769835720335563;	5.750554144788059
XGL5030-102;	1450;	38.748959253211396;	1.283490164050006;	5.750324277953859
XGL5030-102;	1500;	39.89727257025629;	1.289552678810065;	5.749370728820137
XGL5030-102;	1550;	41.04674774219182;	1.2952150013666865;	5.747766727858023
XGL5030-102;	1600;	42.19727025035454;	1.300515428466584;	5.745575975614838
XGL5030-102;	1650;	43.34874012206032;	1.3054875287767613;	5.7428541137360005
XGL5030-102;	1700;	44.5010696702471;	1.3101608501385649;	5.739649996808207
XGL5030-102;	1750;	45.65418167778371;	1.3145615029722781;	5.736006682600851
XGL5030-102;	1800;	46.80800790472744;	1.3187126449773428;	5.731962226945117
XGL5030-102;	1850;	47.96248778864742;	1.322634887142781;	5.727550448618413
XGL5030-102;	1900;	49.117567425788074;	1.3263466335337843;	5.722801451152651
XGL5030-102;	1950;	50.27319866085312;	1.3298643690085776;	5.717742157033788
