XGL5030-123;	50;	22.884428091255483;	1.0621324719214404;	59.50413223140496
XGL5030-123;	100;	45.76885686452011;	1.0621324719214396;	59.504132231404945
XGL5030-123;	150;	66.92326370021475;	1.0611932074000332;	59.50414713126995
XGL5030-123;	200;	88.07769670019033;	1.0607045011152203;	59.50414733394469
XGL5030-123;	250;	109.23214041811441;	1.0604048737804874;	59.50414136749294
XGL5030-123;	300;	130.38659783872902;	1.060202380779491;	59.504132231405016
XGL5030-123;	350;	149.32499185119985;	1.0998434569680535;	59.59891731439681
XGL5030-123;	400;	168.4051495313478;	1.128708615557499;	59.61291061213479
XGL5030-123;	450;	187.57496355608322;	1.1506583024966552;	59.57573379701038
XGL5030-123;	500;	206.80501279109268;	1.1679084390734797;	59.50413223140491
XGL5030-123;	550;	233.86355505385592;	1.2035483494824681;	59.73132315422262
XGL5030-123;	600;	261.1059342585345;	1.2302400268613467;	59.85604803224064
XGL5030-123;	650;	288.46902457795744;	1.2509719797070722;	59.91332015736194
XGL5030-123;	700;	315.9155642448248;	1.2675371334947283;	59.92385925720056
XGL5030-123;	750;	343.4221672096914;	1.2810756088047024;	59.900698878878266
XGL5030-123;	800;	370.9734250804163;	1.2923467411110903;	59.852443875130184
XGL5030-123;	850;	398.5587776053341;	1.3018756672384146;	59.78500198933486
XGL5030-123;	900;	426.17074716105844;	1.310037088566056;	59.70256301835147
XGL5030-123;	950;	453.80389159116146;	1.3171055068158388;	59.60818050825091
XGL5030-123;	1000;	481.454156382025;	1.3232866006205497;	59.504132231404874
XGL5030-123;	1050;	534.8481189670613;	1.3060229755658428;	59.761360184424014
XGL5030-123;	1100;	588.3570201739072;	1.2914787667508933;	59.95395985210672
XGL5030-123;	1150;	641.9563924659766;	1.2790592660129616;	60.0957845133603
XGL5030-123;	1200;	695.6282353799253;	1.2683311781725972;	60.19699859501953
XGL5030-123;	1250;	749.3590152128336;	1.2589713971028207;	60.26522846277463
XGL5030-123;	1300;	803.138364169272;	1.2507341045763931;	60.30630541528827
XGL5030-123;	1350;	856.958207377913;	1.2434289849356124;	60.324763952129004
XGL5030-123;	1400;	910.8121619710969;	1.2369064108060086;	60.32418504993473
XGL5030-123;	1450;	964.6951191737727;	1.2310471265722513;	60.30742967640335
XGL5030-123;	1500;	1018.602938864405;	1.2257549221584283;	60.276816182508426
XGL5030-123;	1550;	1072.5322331964987;	1.220951323933185;	60.234238708910716
XGL5030-123;	1600;	1126.480201736776;	1.2165716912180673;	60.18126259580581
XGL5030-123;	1650;	1180.444510542134;	1.212562297730883;	60.11919113683481
XGL5030-123;	1700;	1234.4231989157965;	1.2088781225192615;	60.04911829479149
XGL5030-123;	1750;	1288.4146068793748;	1.2054811567710575;	59.97197048849921
XGL5030-123;	1800;	1342.4173203378266;	1.2023390898901163;	59.88853636692385
XGL5030-123;	1850;	1396.4301276381536;	1.1994242804061381;	59.79949096735598
XGL5030-123;	1900;	1450.4519839084385;	1.1967129427502026;	59.705416335308186
XGL5030-123;	1950;	1504.4819833903603;	1.1941844977054301;	59.60681714501528
