XGL5050-183;	50;	30.08187067411035;	1.0224459628523705;	67.23966942148759
XGL5050-183;	100;	60.163742244730315;	1.0224459628523703;	67.23966942148759
XGL5050-183;	150;	87.640052765037;	1.0348734461328004;	67.2430396431298
XGL5050-183;	200;	115.12214171261722;	1.0412597837288011;	67.24306803089779
XGL5050-183;	250;	142.6066118955976;	1.0451485925747535;	67.241718935218
XGL5050-183;	300;	170.0923034377606;	1.0477653104971603;	67.2396694214876
XGL5050-183;	350;	190.30373451293303;	1.1488430491760206;	67.94975261878024
XGL5050-183;	400;	211.62950981824136;	1.2185618961788025;	68.03176430292707
XGL5050-183;	450;	233.5971611341771;	1.269457615856897;	67.75001896920564
XGL5050-183;	500;	255.9660297965136;	1.3082093889636897;	67.23966942148755
XGL5050-183;	550;	291.8540864765459;	1.313711428061421;	67.24719170735969
XGL5050-183;	600;	327.74789339245;	1.317970506642155;	67.25152523701944
XGL5050-183;	650;	363.6456905906475;	1.3213650502454153;	67.25364467628216
XGL5050-183;	700;	399.5463697833162;	1.3241340264129464;	67.25416423158553
XGL5050-183;	750;	435.44919831047565;	1.3264357646514064;	67.25349016255561
XGL5050-183;	800;	471.35367244620824;	1.3283793226826481;	67.251901911231
XGL5050-183;	850;	507.25943444648374;	1.3300422690406404;	67.24959802528282
XGL5050-183;	900;	543.1662232517708;	1.3314812828151668;	67.24672343338199
XGL5050-183;	950;	579.0738439179703;	1.3327387418796055;	67.24338638745581
XGL5050-183;	1000;	614.9821478722217;	1.3338469658694698;	67.2396694214875
XGL5050-183;	1050;	650.8910199589142;	1.3348310329835291;	67.23563650977452
XGL5050-183;	1100;	686.8003695067815;	1.3357107005553897;	67.23133804669405
XGL5050-183;	1150;	722.7101241807817;	1.3365017450844514;	67.2268142230555
XGL5050-183;	1200;	758.6202255368605;	1.3372169167831107;	67.22209753919142
XGL5050-183;	1250;	794.5306258825591;	1.3378666319553019;	67.21721448638672
XGL5050-183;	1300;	830.4412858357263;	1.3384594837264665;	67.2121870130352
XGL5050-183;	1350;	866.3521727141086;	1.339002624082319;	67.2070332380715
XGL5050-183;	1400;	902.2632590400765;	1.3395020539530418;	67.20176847515182
XGL5050-183;	1450;	938.1745216287189;	1.3399628457374024;	67.19640561071103
XGL5050-183;	1500;	974.0859407639999;	1.3403893162234477;	67.19095559360768
XGL5050-183;	1550;	1009.9974995138981;	1.3407851622844107;	67.1854278903061
XGL5050-183;	1600;	1045.909183370271;	1.3411535682050786;	67.17983052493881
XGL5050-183;	1650;	1081.8209797167628;	1.3414972916391144;	67.1741705473946
XGL5050-183;	1700;	1117.7328775959743;	1.3418187326903601;	67.16845405036298
XGL5050-183;	1750;	1153.6448674311757;	1.3421199900530174;	67.16268636110932
XGL5050-183;	1800;	1189.556940829898;	1.3424029068766978;	67.15687212702427
XGL5050-183;	1850;	1225.4690903592675;	1.3426691085445732;	67.15101550789264
XGL5050-183;	1900;	1261.3813094578325;	1.342920033880523;	67.1451201482655
XGL5050-183;	1950;	1297.2935922781278;	1.3431569611898015;	67.13918932926758
