XGL5030-153;	50;	30.391808232965104;	1.0084942445814997;	81.8776859504132
XGL5030-153;	100;	60.78361737167665;	1.0084942445815;	81.87768595041321
XGL5030-153;	150;	87.61374426334874;	1.0181441414532206;	81.8797772200097
XGL5030-153;	200;	114.44742000616674;	1.0232023467408735;	81.87980953703294
XGL5030-153;	250;	141.2825946096714;	1.026316245978346;	81.87897202290928
XGL5030-153;	300;	168.11855252404476;	1.02842615401284;	81.87768595041322
XGL5030-153;	350;	188.90018099639022;	1.1211692732807361;	82.47858319028998
XGL5030-153;	400;	210.61652906154995;	1.1854989735548749;	82.55006049364277
XGL5030-153;	450;	232.87730128555594;	1.2326585227174582;	82.31189062791198
XGL5030-153;	500;	255.4812660966244;	1.2686821328502105;	81.87768595041325
XGL5030-153;	550;	296.0129697512885;	1.2751895301064446;	81.8875856794089
XGL5030-153;	600;	336.55257363318157;	1.2800786134112865;	81.89308716910325
XGL5030-153;	650;	377.097443007256;	1.283886271072912;	81.89565547175566
XGL5030-153;	700;	417.6459974045785;	1.2869355606327235;	81.89617004099603
XGL5030-153;	750;	458.1972312786371;	1.28943252016616;	81.89519072324995
XGL5030-153;	800;	498.7504745159096;	1.291514750909631;	81.89309075082237
XGL5030-153;	850;	539.3052631049442;	1.2932776530387804;	81.89012871108538
XGL5030-153;	900;	579.8612657717196;	1.2947894510955393;	81.8864892439923
XGL5030-153;	950;	620.4182395905411;	1.2961002272332354;	81.8823077930556
XGL5030-153;	1000;	660.9760023912905;	1.2972475757177895;	81.87768595041308
XGL5030-153;	1050;	728.7856693971758;	1.2721437751700981;	82.73704312044045
XGL5030-153;	1100;	796.9392292688162;	1.2504076002008326;	83.40090725056751
XGL5030-153;	1150;	865.3751058182432;	1.2314073310100115;	83.90467770085321
XGL5030-153;	1200;	934.0454595681111;	1.2146592966267697;	84.27574637368271
XGL5030-153;	1250;	1002.9125882596837;	1.1997870616101176;	84.53563364849826
XGL5030-153;	1300;	1071.94640157585;	1.186493360540341;	84.7014666981223
XGL5030-153;	1350;	1141.1226035952602;	1.174540388838861;	84.78704403460188
XGL5030-153;	1400;	1210.4213693083664;	1.163735685858409;	84.80360623460858
XGL5030-153;	1450;	1279.826370570643;	1.153921844677557;	84.76039399952367
XGL5030-153;	1500;	1349.3240396464246;	1.1449688995087728;	84.66507710302086
XGL5030-153;	1550;	1418.9030132495939;	1.136768608445329;	84.52407089125195
XGL5030-153;	1600;	1488.5537039447104;	1.1292301061787668;	84.3427833850065
XGL5030-153;	1650;	1558.2679675955296;	1.1222765584884797;	84.1258046936851
XGL5030-153;	1700;	1628.038844051164;	1.1158425588566778;	83.87705366438333
XGL5030-153;	1750;	1697.8603485803508;	1.1098720846126005;	83.5998987223613
XGL5030-153;	1800;	1767.7273068694217;	1.1043168752348538;	83.29725128615507
XGL5030-153;	1850;	1837.6352287110285;	1.0991351322465903;	82.97163342350355
XGL5030-153;	1900;	1907.580190138358;	1.0942904785356646;	82.62525042348676
XGL5030-153;	1950;	1977.558752022767;	1.0897511056349405;	82.26003503477206
