XGL5050-102;	50;	1.0327922164408867;	1.2283477071595004;	3.808264462809917
XGL5050-102;	100;	2.065584432881774;	1.2283477071595001;	3.808264462809917
XGL5050-102;	150;	3.0983766493226637;	1.2283477071594993;	3.808264462809915
XGL5050-102;	200;	4.131168865763549;	1.2283477071595;	3.8082644628099165
XGL5050-102;	250;	5.163961082204435;	1.2283477071595001;	3.8082644628099165
XGL5050-102;	300;	6.196753298645323;	1.2283477071594997;	3.808264462809915
XGL5050-102;	350;	7.229545515086213;	1.2283477071594995;	3.8082644628099147
XGL5050-102;	400;	8.262337731527095;	1.2283477071595001;	3.808264462809917
XGL5050-102;	450;	9.29512994796798;	1.2283477071595004;	3.808264462809917
XGL5050-102;	500;	10.32792216440887;	1.2283477071595;	3.8082644628099165
XGL5050-102;	550;	11.360714380849748;	1.228347707159501;	3.8082644628099223
XGL5050-102;	600;	12.393506597290644;	1.2283477071595001;	3.808264462809917
XGL5050-102;	650;	13.426298813731531;	1.2283477071595001;	3.808264462809916
XGL5050-102;	700;	14.45909103017241;	1.2283477071595008;	3.8082644628099205
XGL5050-102;	750;	15.491883246613304;	1.2283477071595001;	3.8082644628099165
XGL5050-102;	800;	16.524675463054187;	1.2283477071595004;	3.8082644628099183
XGL5050-102;	850;	17.55746767949507;	1.2283477071595006;	3.80826446280992
XGL5050-102;	900;	18.59025989593597;	1.2283477071595;	3.8082644628099156
XGL5050-102;	950;	19.62305211237685;	1.2283477071595001;	3.808264462809917
XGL5050-102;	1000;	20.65584432881774;	1.2283477071595;	3.808264462809913
XGL5050-102;	1050;	21.701651998041456;	1.235361977405049;	3.8104359149519005
XGL5050-102;	1100;	22.74825576134485;	1.241655084652872;	3.812164033115712
XGL5050-102;	1150;	23.79553675747184;	1.2473327227387079;	3.81351476492373
XGL5050-102;	1200;	24.84339863543963;	1.252480908543314;	3.8145416069771434
XGL5050-102;	1250;	25.891762469798323;	1.2571703543662747;	3.8152884143241392
XGL5050-102;	1300;	26.940563001370034;	1.2614597245108212;	3.815791466693833
XGL5050-102;	1350;	27.989745804734984;	1.2653980949200958;	3.8160810408156185
XGL5050-102;	1400;	29.0392651233666;	1.269026834489196;	3.8161826065239666
XGL5050-102;	1450;	30.089082223408084;	1.2723810597092275;	3.8161177323716435
XGL5050-102;	1500;	31.13916408550905;	1.275490772707383;	3.8159048193892806
XGL5050-102;	1550;	32.189482398098946;	1.278381758969405;	3.815559648296396
XGL5050-102;	1600;	33.24001274455301;	1.2810763027876642;	3.8150958352935938
XGL5050-102;	1650;	34.29073395412006;	1.2835937618361954;	3.814525192547676
XGL5050-102;	1700;	35.341627583661484;	1.2859510320904624;	3.8138580134309086
XGL5050-102;	1750;	36.392677490642534;	1.2881629270092962;	3.8131033104587466
XGL5050-102;	1800;	37.443869484382226;	1.2902424887223058;	3.8122690105636483
XGL5050-102;	1850;	38.49519104268325;	1.2922012449675793;	3.811362109272515
XGL5050-102;	1900;	39.54663106813019;	1.2940494227751125;	3.810388809584872
XGL5050-102;	1950;	40.59817970694637;	1.295796126445044;	3.809354617783589
