XGL5050-332;	50;	6.831253899225772;	0.9243185407008806;	11.900826446280991
XGL5050-332;	100;	13.662507798451546;	0.9243185407008805;	11.900826446280993
XGL5050-332;	150;	20.493761697677325;	0.9243185407008804;	11.900826446280991
XGL5050-332;	200;	27.3250155969031;	0.9243185407008804;	11.900826446280991
XGL5050-332;	250;	34.156269496128886;	0.92431854070088;	11.900826446280984
XGL5050-332;	300;	40.987523395354664;	0.9243185407008798;	11.900826446280982
XGL5050-332;	350;	47.818777294580435;	0.92431854070088;	11.90082644628099
XGL5050-332;	400;	54.6500311938062;	0.9243185407008804;	11.900826446280991
XGL5050-332;	450;	61.481285093031985;	0.92431854070088;	11.900826446280984
XGL5050-332;	500;	68.31253899225774;	0.9243185407008804;	11.900826446280993
XGL5050-332;	550;	69.94563252511581;	0.9776851997183288;	12.127751632227136
XGL5050-332;	600;	71.71578264570657;	1.0242708494611907;	12.276201151562478
XGL5050-332;	650;	73.596659494941;	1.0652465502898691;	12.361267820445919
XGL5050-332;	700;	75.56792065106096;	1.1015393303580125;	12.394561544796584
XGL5050-332;	750;	77.6137114338413;	1.1338893267894123;	12.385109888479768
XGL5050-332;	800;	79.72155347042428;	1.162892733439815;	12.340011094576221
XGL5050-332;	850;	81.88152602908875;	1.1890340550173324;	12.264908254714003
XGL5050-332;	900;	84.08566349712865;	1.2127104030114324;	12.164335096756554
XGL5050-332;	950;	86.32750918432568;	1.234249915291732;	12.041970307750168
XGL5050-332;	1000;	88.60178251323003;	1.2539258238675601;	11.900826446280991
XGL5050-332;	1050;	93.28785723725514;	1.2668238712726465;	11.929708707836227
XGL5050-332;	1100;	97.98529222381198;	1.2782340645339505;	11.95231612543358
XGL5050-332;	1150;	102.69217509415074;	1.2883993215345957;	11.969698009517954
XGL5050-332;	1200;	107.40699859720546;	1.2975125039284132;	11.982682565749307
XGL5050-332;	1250;	112.12855904079179;	1.305728656730637;	11.991932079556635
XGL5050-332;	1300;	116.85588373435863;	1.3131738298735234;	11.997982445794555
XGL5050-332;	1350;	121.5881782156311;	1.3199515443954046;	12.00127183336231
XGL5050-332;	1400;	126.324787256599;	1.3261476043067757;	12.002162129129431
XGL5050-332;	1450;	131.06516585374933;	1.3318337259991562;	12.000954530419245
XGL5050-332;	1500;	135.8088568556045;	1.3370703135987387;	11.997902013201788
XGL5050-332;	1550;	140.55547406028163;	1.3419086020757183;	11.99321847466451
XGL5050-332;	1600;	145.304688984445;	1.3463923319478577;	11.98708599026084
XGL5050-332;	1650;	150.0562204680887;	1.3505590702544463;	11.979660531009294
XGL5050-332;	1700;	154.80982644035788;	1.3544412618574933;	11.971076514241137
XGL5050-332;	1750;	159.56529740705295;	1.3580670728012085;	11.961450331752529
XGL5050-332;	1800;	164.32245108195815;	1.3614610731345875;	11.950883323199731
XGL5050-332;	1850;	169.08112834681543;	1.3646447913364599;	11.939464001190773
XGL5050-332;	1900;	173.84118922697965;	1.3676371732072452;	11.927270324371715
XGL5050-332;	1950;	178.60251055687846;	1.3704549550756564;	11.91437088775579
