XGL5030-682;	50;	13.915874243109506;	1.0271530357207395;	34.036363636363625
XGL5030-682;	100;	27.83174890094436;	1.0271530357207403;	34.03636363636364
XGL5030-682;	150;	41.91322470429627;	1.0024206049334186;	34.04278085141244
XGL5030-682;	200;	56.005602805184616;	0.9897116753260474;	34.04285036280906
XGL5030-682;	250;	70.102512831141;	0.9819736026666349;	34.040281047408094
XGL5030-682;	300;	84.20174337696352;	0.9767672029191502;	34.03636363636364
XGL5030-682;	350;	96.30312023048815;	1.000542960349861;	34.05971669105567
XGL5030-682;	400;	108.43813116164085;	1.0183336939523584;	34.06351904645584
XGL5030-682;	450;	120.59533486688981;	1.0321445732870744;	34.05441990184425
XGL5030-682;	500;	132.76794434878593;	1.04317572728614;	34.03636363636364
XGL5030-682;	550;	142.64924024918162;	1.10057387889989;	34.44271595316474
XGL5030-682;	600;	152.8316652461419;	1.1460912137719927;	34.67991453528781
XGL5030-682;	650;	163.22624524329888;	1.18303816967132;	34.797659407643586
XGL5030-682;	700;	173.77547892911343;	1.2136100917359056;	34.828098542535635
XGL5030-682;	750;	184.44071707742907;	1.2393164817887972;	34.79287822556473
XGL5030-682;	800;	195.1950946496056;	1.261227712111911;	34.70707693913575
XGL5030-682;	850;	206.01939000589158;	1.2801230635459802;	34.58150789921894
XGL5030-682;	900;	216.89950598380608;	1.2965829448727944;	34.424119355794176
XGL5030-682;	950;	227.82487716981382;	1.3110483005869868;	34.24088150326799
XGL5030-682;	1000;	238.78743444136495;	1.3238599935140003;	34.03636363636365
XGL5030-682;	1050;	260.678568198915;	1.3168316147007837;	34.057991675106656
XGL5030-682;	1100;	282.57904647340746;	1.3108213752751787;	34.074404416193296
XGL5030-682;	1150;	304.48699996745626;	1.3056230498167205;	34.08664851554149
XGL5030-682;	1200;	326.40102643170735;	1.3010825712002994;	34.09550834060075
XGL5030-682;	1250;	348.32005393129117;	1.2970825238522066;	34.10158275413435
XGL5030-682;	1300;	370.24324815212975;	1.2935318612657873;	34.10533778352128
XGL5030-682;	1350;	392.16995083997494;	1.2903588962661987;	34.10714065878743
XGL5030-682;	1400;	414.09963536456144;	1.2875064170248673;	34.10728506739443
XGL5030-682;	1450;	436.0318754116446;	1.2849282094888532;	34.10600865626198
XGL5030-682;	1500;	457.9663221994075;	1.282586536308351;	34.10350566665229
XGL5030-682;	1550;	479.9026877163772;	1.2804502785377958;	34.099936542081515
XGL5030-682;	1600;	501.8407318489319;	1.2784935462643057;	34.095434931721954
XGL5030-682;	1650;	523.7802530194293;	1.2766946242738249;	34.09011300513519
XGL5030-682;	1700;	545.7210806764512;	1.275035163467112;	34.08406561212076
XGL5030-682;	1750;	567.6630695113215;	1.2734995530637483;	34.07737359144566
XGL5030-682;	1800;	589.6060950009004;	1.2720744281349767;	34.07010618059422
XGL5030-682;	1850;	611.5500498258231;	1.2707482797778433;	34.062323020790934
XGL5030-682;	1900;	633.4948409639513;	1.2695111438103082;	34.054075818540575
XGL5030-682;	1950;	655.4403874214967;	1.2683543499919936;	34.045409564748184
