XGL5050-123;	50;	22.17073669772141;	0.91151057626279;	46.53223140495867
XGL5050-123;	100;	44.341473395442804;	0.9115105762627901;	46.53223140495868
XGL5050-123;	150;	66.5122100931642;	0.9115105762627903;	46.53223140495869
XGL5050-123;	200;	88.68294679088561;	0.9115105762627901;	46.53223140495868
XGL5050-123;	250;	110.853683488607;	0.91151057626279;	46.53223140495868
XGL5050-123;	300;	133.02442547224396;	0.9115105762627899;	46.53223140495867
XGL5050-123;	350;	143.9596720724548;	1.003467904174255;	47.035607581739704
XGL5050-123;	400;	155.63456426308602;	1.071670015839745;	47.111195005600145
XGL5050-123;	450;	167.7812501155662;	1.1241553195755687;	46.91371540171175
XGL5050-123;	500;	180.24516276027848;	1.1657457014171806;	46.53223140495873
XGL5050-123;	550;	200.34462470287787;	1.1998492801576912;	46.72558017777082
XGL5050-123;	600;	220.59286242939243;	1.2262427813164494;	46.83601854983541
XGL5050-123;	650;	240.94321624703002;	1.2472696807118444;	46.88940915750551
XGL5050-123;	700;	261.3666305683745;	1.2644128782144144;	46.901895386699906
XGL5050-123;	750;	281.8440896815744;	1.2786558505267571;	46.88406590180127
XGL5050-123;	800;	302.36263610079493;	1.2906762835081091;	46.843150402473064
XGL5050-123;	850;	322.9131403414253;	1.3009562124480798;	46.784252080482474
XGL5050-123;	900;	343.4889869560143;	1.3098478055889062;	46.71107476924137
XGL5050-123;	950;	364.0852659414522;	1.3176143025726452;	46.626371679657616
XGL5050-123;	1000;	384.6982572837062;	1.3244563964331002;	46.53223140495867
XGL5050-123;	1050;	414.1761368628208;	1.3223907893071234;	46.53540135283694
XGL5050-123;	1100;	443.65531564875187;	1.3205933681581759;	46.53784902603613
XGL5050-123;	1150;	473.13555706264;	1.3190150891927053;	46.5397060929842
XGL5050-123;	1200;	502.6166786746105;	1.317618179523355;	46.54107405350676
XGL5050-123;	1250;	532.0985375362396;	1.3163730754441756;	46.542032424502125
XGL5050-123;	1300;	561.5810200903264;	1.3152563072052659;	46.54264434531863
XGL5050-123;	1350;	591.0640349791727;	1.3142490058304281;	46.542960601752405
XGL5050-123;	1400;	620.5475077789011;	1.3133358286221672;	46.54302257729352
XGL5050-123;	1450;	650.0313773813245;	1.3125041719486006;	46.542864229807535
XGL5050-123;	1500;	679.5155930545715;	1.3117435862935038;	46.542513751834385
XGL5050-123;	1550;	709.0001124346894;	1.3110453347342714;	46.541994666446605
XGL5050-123;	1600;	738.4848996943591;	1.31040205620044;	46.54132689378519
XGL5050-123;	1650;	767.9699245010357;	1.3098075046225686;	46.54052726988184
XGL5050-123;	1700;	797.4551609075259;	1.3092563456714312;	46.53961021442975
XGL5050-123;	1750;	826.9405866245575;	1.308743996209625;	46.53858809801083
XGL5050-123;	1800;	856.4261823792758;	1.308266496579155;	46.537471626538206
XGL5050-123;	1850;	885.9119314310735;	1.3078204080590243;	46.5362700952694
XGL5050-123;	1900;	915.3978191696007;	1.3074027299249242;	46.53499161292873
XGL5050-123;	1950;	944.8838327808414;	1.3070108318713562;	46.53364329478145
