XGL6020-332;	50;	5.9054177377112715;	1.00025693699825;	25.11074380165289
XGL6020-332;	100;	11.810835475422547;	1.0002569369982497;	25.110743801652887
XGL6020-332;	150;	17.71625321313382;	1.0002569369982495;	25.110743801652887
XGL6020-332;	200;	23.621670950845093;	1.0002569369982495;	25.11074380165289
XGL6020-332;	250;	29.527088688556354;	1.0002569369982501;	25.11074380165289
XGL6020-332;	300;	35.43250642626763;	1.00025693699825;	25.11074380165289
XGL6020-332;	350;	41.337924163978904;	1.0002569369982501;	25.110743801652895
XGL6020-332;	400;	47.243341901690165;	1.0002569369982501;	25.1107438016529
XGL6020-332;	450;	53.14875963940147;	1.0002569369982495;	25.110743801652877
XGL6020-332;	500;	59.05417737711276;	1.0002569369982492;	25.110743801652866
XGL6020-332;	550;	62.45673192371264;	1.038213141347163;	25.205044951501954
XGL6020-332;	600;	65.92044027277572;	1.0701777154150134;	25.26448848349016
XGL6020-332;	650;	69.43128566744764;	1.097452732709662;	25.297046348689843
XGL6020-332;	700;	72.97917078263191;	1.1209918457389578;	25.308457664358848
XGL6020-332;	750;	76.55665652698168;	1.1415084733698988;	25.302950879087785
XGL6020-332;	800;	80.15815123815932;	1.1595464047231505;	25.283705837230563
XGL6020-332;	850;	83.77937629443805;	1.1755270700082663;	25.253157454447535
XGL6020-332;	900;	87.41700518949979;	1.189781938875884;	25.213200493217517
XGL6020-332;	950;	91.06841456784485;	1.2025751965675429;	25.16533062027632
XGL6020-332;	1000;	94.73150889746186;	1.2141199223810097;	25.110743801652873
XGL6020-332;	1050;	99.57878907465326;	1.232597093589348;	25.171325393846303
XGL6020-332;	1100;	104.45059384676186;	1.24884112756829;	25.21835809471211
XGL6020-332;	1150;	109.34257253260758;	1.2632323482744015;	25.254226654362125
XGL6020-332;	1200;	114.2513402957799;	1.276069652460079;	25.280789479165204
XGL6020-332;	1250;	119.17422574652815;	1.287591121216903;	25.299515527254734
XGL6020-332;	1300;	124.10909312194592;	1.2979886943783565;	25.311581123727567
XGL6020-332;	1350;	129.05421511698742;	1.3074188020034656;	25.31793896455451
XGL6020-332;	1400;	134.00817997330577;	1.3160101945404843;	25.319368873141123
XGL6020-332;	1450;	138.96982292789983;	1.3238697920756266;	25.316515014907406
XGL6020-332;	1500;	143.93817450288148;	1.3310871149231867;	25.309914297747685
XGL6020-332;	1550;	148.91242144476317;	1.3377376779012122;	25.30001760142154
XGL6020-332;	1600;	153.89187647455464;	1.3438856222965059;	25.287206450203122
XGL6020-332;	1650;	158.87595494011916;	1.3495857758601546;	25.271805688751495
XGL6020-332;	1700;	163.86415631604098;	1.354885282149944;	25.25409376187016
XGL6020-332;	1750;	168.85604966657493;	1.3598248992624062;	25.23431061914168
XGL6020-332;	1800;	173.85126200797106;	1.3644400441538236;	25.21266409743317
XGL6020-332;	1850;	178.84946886603055;	1.3687616390294828;	25.189335174475282
XGL6020-332;	1900;	183.85038665730121;	1.372816801700053;	25.164482155075106
XGL6020-332;	1950;	188.8537664403314;	1.3766294127064167;	25.138244131636895
