XGL6060-473;	50;	76.3335495787657;	0.9920639901932503;	115.43801652892563
XGL6060-473;	100;	152.6671014324485;	0.9920639901932501;	115.43801652892562
XGL6060-473;	150;	209.33757369937285;	1.1488517673660978;	116.55136485380923
XGL6060-473;	200;	268.03619054257155;	1.2215348365350964;	116.51304098278665
XGL6060-473;	250;	327.4437174578455;	1.2633796576227618;	116.06969264643914
XGL6060-473;	300;	387.1793461957183;	1.2905597328430005;	115.43801652892566
XGL6060-473;	350;	465.8914826933017;	1.3335839195846997;	115.73723349190766
XGL6060-473;	400;	545.0874626646134;	1.3622188361816412;	115.76899671600604
XGL6060-473;	450;	624.5547789179773;	1.3826433497031057;	115.65009770949413
XGL6060-473;	500;	704.1893532730235;	1.3979438250502791;	115.43801652892527
XGL6060-473;	550;	806.1990401692651;	1.3681652893417195;	116.16822747233196
XGL6060-473;	600;	908.7078912937021;	1.3439155929010838;	116.619259214984
XGL6060-473;	650;	1011.5937650430077;	1.323789719088568;	116.86020947219889
XGL6060-473;	700;	1114.7711813127603;	1.3068205321871507;	116.93918031083302
XGL6060-473;	750;	1218.17858138033;	1.292320825568234;	116.89066901203144
XGL6060-473;	800;	1321.770536227102;	1.2797890375734895;	116.74004944133856
XGL6060-473;	850;	1425.512805663933;	1.2688506172888063;	116.50639453225442
XGL6060-473;	900;	1529.3791004162406;	1.2592202676626232;	116.20431696840508
XGL6060-473;	950;	1633.348910946516;	1.2506768826531602;	115.84519288201743
XGL6060-473;	1000;	1737.4060010534838;	1.2430464766970097;	115.43801652892529
XGL6060-473;	1050;	1841.5373553149118;	1.2361902777436173;	114.98998655131858
XGL6060-473;	1100;	1945.73241820822;	1.2299962562296323;	114.50693487728
XGL6060-473;	1150;	2049.9825408257702;	1.2243729842706579;	113.99363477917296
XGL6060-473;	1200;	2154.2805695502598;	1.219245111759377;	113.45403075758713
XGL6060-473;	1250;	2258.6205369953486;	1.2145499834578346;	112.89141025697526
XGL6060-473;	1300;	2362.9974238657915;	1.2102350760984018;	112.30853887345631
XGL6060-473;	1350;	2467.40698473274;	1.206256028868496;	111.70774870902248
XGL6060-473;	1400;	2571.84559430438;	1.2025751214587637;	111.09103756939646
XGL6060-473;	1450;	2676.3101486388164;	1.1991600735947112;	110.46010876492991
XGL6060-473;	1500;	2780.7979671979565;	1.1959831013509523;	109.81643702577584
XGL6060-473;	1550;	2885.3067293055815;	1.1930201591588254;	109.16129393520063
XGL6060-473;	1600;	2989.834409033108;	1.190250333693525;	108.49579417450195
XGL6060-473;	1650;	3094.379235248195;	1.187655348645533;	107.82090911971572
XGL6060-473;	1700;	3198.939656304891;	1.1852191611196206;	107.13748460922503
XGL6060-473;	1750;	3303.514296167157;	1.1829276333172645;	106.44628443415607
XGL6060-473;	1800;	3408.101914968715;	1.1807682627397158;	105.74798799363806
XGL6060-473;	1850;	3512.7014677949437;	1.178729932042847;	105.04315291742893
XGL6060-473;	1900;	3617.311972843217;	1.176802748281425;	104.33233298689196
XGL6060-473;	1950;	3721.932548663437;	1.17497786895907;	103.61600833025568
