XGL6020-222;	50;	3.062758960661057;	1.0753821719963303;	16.661157024793386
XGL6020-222;	100;	6.125517921322114;	1.0753821719963303;	16.661157024793386
XGL6020-222;	150;	9.188276881983171;	1.0753821719963303;	16.66115702479339
XGL6020-222;	200;	12.251035842644226;	1.0753821719963303;	16.66115702479339
XGL6020-222;	250;	15.313794803305283;	1.0753821719963303;	16.66115702479339
XGL6020-222;	300;	18.37655376396634;	1.0753821719963306;	16.66115702479339
XGL6020-222;	350;	21.43931272462739;	1.0753821719963308;	16.661157024793397
XGL6020-222;	400;	24.502071685288453;	1.0753821719963303;	16.661157024793393
XGL6020-222;	450;	27.564830645949513;	1.0753821719963301;	16.66115702479339
XGL6020-222;	500;	30.627589606610577;	1.07538217199633;	16.661157024793383
XGL6020-222;	550;	34.201624263793896;	1.0776032506178068;	16.661322108429815
XGL6020-222;	600;	37.77577216633784;	1.0793975698248546;	16.661422249865847
XGL6020-222;	650;	41.350003471882964;	1.0808773435963208;	16.66147455972615
XGL6020-222;	700;	44.92429797657131;	1.0821186154356421;	16.661490623031018
XGL6020-222;	750;	48.49864151440902;	1.0831747451178555;	16.661478563176185
XGL6020-222;	800;	52.073023858104285;	1.0840842797918369;	16.66144424532258
XGL6020-222;	850;	55.64743744189106;	1.0848757602736532;	16.661392008121634
XGL6020-222;	900;	59.22187654374235;	1.0855707701432038;	16.66132513358899
XGL6020-222;	950;	62.796336760422236;	1.0861859337731274;	16.661246147016882
XGL6020-222;	1000;	66.37081464616907;	1.0867342633223196;	16.661157024793383
XGL6020-222;	1050;	67.98791675931986;	1.1172777876903681;	16.786563973857834
XGL6020-222;	1100;	69.65065467511607;	1.1449271314040825;	16.88664924729746
XGL6020-222;	1150;	71.35239804212648;	1.170066755319827;	16.965058597823027
XGL6020-222;	1200;	73.08770162135446;	1.1930174406795302;	17.024786420375893
XGL6020-222;	1250;	74.85206123664132;	1.2140486065511964;	17.068310895436888
XGL6020-222;	1300;	76.64172481261464;	1.233387966941352;	17.097698391682236
XGL6020-222;	1350;	78.45354592680557;	1.2512291415010093;	17.11468363133351
XGL6020-222;	1400;	80.28486894425008;	1.2677376993787541;	17.12073278983862
XGL6020-222;	1450;	82.13343891019778;	1.2830559838639382;	17.117092581863638
XGL6020-222;	1500;	83.99733044961577;	1.2973069878454027;	17.10482912434887
XGL6020-222;	1550;	85.87488988752715;	1.310597502662057;	17.084859535064044
XGL6020-222;	1600;	87.76469022310435;	1.3230206646788616;	17.057976569467225
XGL6020-222;	1650;	89.6654944084932;	1.334658045544312;	17.024868416768598
XGL6020-222;	1700;	91.57622406037322;	1.3455813878833882;	16.98613618350777
XGL6020-222;	1750;	93.49593625235947;	1.3558540181185292;	16.94230609356176
XGL6020-222;	1800;	95.42380254673446;	1.3655320417672852;	16.89384125905447
XGL6020-222;	1850;	97.3590922965015;	1.3746653365745753;	16.841150881545747
XGL6020-222;	1900;	99.30115894254072;	1.3832983859419234;	16.784597515588043
XGL6020-222;	1950;	101.24942827264535;	1.3914709852206892;	16.724503646930106
