XGL6030-153;	50;	23.78281110980509;	1.13129119305773;	73.90413223140494
XGL6030-153;	100;	47.56562221961014;	1.131291193057731;	73.90413223140496
XGL6030-153;	150;	71.34843332941529;	1.1312911930577298;	73.90413223140494
XGL6030-153;	200;	95.13124443922032;	1.1312911930577303;	73.90413223140497
XGL6030-153;	250;	118.91405554902538;	1.1312911930577305;	73.90413223140499
XGL6030-153;	300;	142.69687232909456;	1.13129119305773;	73.90413223140496
XGL6030-153;	350;	160.85485571815468;	1.2079680312181247;	74.26191235904464
XGL6030-153;	400;	179.5700648165421;	1.2621330628340213;	74.30811047503954
XGL6030-153;	450;	198.6187735128701;	1.3023870388442744;	74.1667879655007
XGL6030-153;	500;	217.88220576953879;	1.3334612565070803;	73.90413223140499
XGL6030-153;	550;	250.45852909366477;	1.3347920599278675;	73.90450378007233
XGL6030-153;	600;	283.0351397123549;	1.3358143292969031;	73.90471611592007
XGL6030-153;	650;	315.611947983196;	1.336624214577257;	73.9048189006311
XGL6030-153;	700;	348.1888980455032;	1.3372816738070747;	73.90484308620735
XGL6030-153;	750;	380.765953274467;	1.337826037253163;	73.90480896936688
XGL6030-153;	800;	413.34308865968967;	1.3382841757271857;	73.90473041199759
XGL6030-153;	850;	445.9202865388011;	1.3386750723081466;	73.90461720407716
XGL6030-153;	900;	478.49753408347965;	1.3390125186983355;	73.90447645682673
XGL6030-153;	950;	511.0748217514889;	1.3393067762894073;	73.9043134604265
XGL6030-153;	1000;	543.6521422980427;	1.3395656378052807;	73.90413223140503
XGL6030-153;	1050;	606.1915883157465;	1.3202134450895724;	74.26678756673581
XGL6030-153;	1100;	668.8945554689964;	1.3039629840877414;	74.5375111083099
XGL6030-153;	1150;	731.7257810469571;	1.2901251528226672;	74.73628493219577
XGL6030-153;	1200;	794.6594303122447;	1.2782006070288636;	74.87770372273971
XGL6030-153;	1250;	857.6761513134688;	1.2678187310485713;	74.97267276454431
XGL6030-153;	1300;	920.7611670331075;	1.2586987129076734;	75.02950115846727
XGL6030-153;	1350;	983.9030017162155;	1.2506239250493685;	75.0546308675826
XGL6030-153;	1400;	1047.0926085506812;	1.2434245952531753;	75.05313281190156
XGL6030-153;	1450;	1110.3227620993484;	1.2369657974198955;	75.02905119793652
XGL6030-153;	1500;	1173.5876208430675;	1.2311389559478116;	74.98565305163355
XGL6030-153;	1550;	1236.8824127713483;	1.2258557160177526;	74.92560411696428
XGL6030-153;	1600;	1300.2032007869711;	1.2210434493796394;	74.85110226026669
XGL6030-153;	1650;	1363.546708804514;	1.2166419059308862;	74.7639746250279
XGL6030-153;	1700;	1426.9101883940714;	1.2126006862127532;	74.6657529032442
XGL6030-153;	1750;	1490.2913160705532;	1.208877308689134;	74.55773210972848
XGL6030-153;	1800;	1553.6881163005964;	1.205435713259661;	74.44101110543016
XGL6030-153;	1850;	1617.0988958846342;	1.2022450942310365;	74.31653320175069
XGL6030-153;	1900;	1680.5221982016285;	1.1992789757901887;	74.18510795042474
XGL6030-153;	1950;	1743.956760863557;	1.1965144786506763;	74.04743797147252
