XGL6020-472;	50;	7.260389830893472;	0.9942606815697899;	34.98842975206611
XGL6020-472;	100;	14.520779661786946;	0.9942606815697898;	34.98842975206611
XGL6020-472;	150;	21.781169492680423;	0.9942606815697898;	34.98842975206611
XGL6020-472;	200;	29.04155932357389;	0.9942606815697899;	34.98842975206611
XGL6020-472;	250;	36.301949154467344;	0.9942606815697903;	34.98842975206611
XGL6020-472;	300;	43.56233898536082;	0.9942606815697902;	34.98842975206611
XGL6020-472;	350;	50.82272881625429;	0.9942606815697902;	34.98842975206611
XGL6020-472;	400;	58.083118647147785;	0.9942606815697896;	34.988429752066104
XGL6020-472;	450;	65.34350847804122;	0.9942606815697904;	34.98842975206612
XGL6020-472;	500;	72.6038983089347;	0.9942606815697901;	34.98842975206611
XGL6020-472;	550;	76.31578680163608;	1.0438354845055342;	35.177419838363114
XGL6020-472;	600;	80.15338883063131;	1.0852782346441345;	35.29509616192252
XGL6020-472;	650;	84.08654203780723;	1.1204106693274576;	35.35851369421998
XGL6020-472;	700;	88.09382114906217;	1.1505558116902292;	35.37977495398022
XGL6020-472;	750;	92.15965485132381;	1.1766952053724027;	35.36767690301664
XGL6020-472;	800;	96.27248741801587;	1.1995711219026972;	35.328753369933885
XGL6020-472;	850;	100.42358072706736;	1.2197545765519495;	35.26795090243966
XGL6020-472;	900;	104.6062144058761;	1.237691628119938;	35.189079406770475
XGL6020-472;	950;	108.81514108003346;	1.2537355491377427;	35.095118290178185
XGL6020-472;	1000;	113.04620712016197;	1.2681696157856501;	34.98842975206612
XGL6020-472;	1050;	120.25533981139098;	1.281079806707231;	35.02257753616149
XGL6020-472;	1100;	127.47890003054874;	1.2922819421524465;	35.048761008233576
XGL6020-472;	1150;	134.71413576942848;	1.3020935136974232;	35.068490396325025
XGL6020-472;	1200;	141.95895161876712;	1.310758013255095;	35.08291738382625
XGL6020-472;	1250;	149.2117243671292;	1.3184652808292834;	35.0929353596006
XGL6020-472;	1300;	156.47117730167966;	1.3253654954906084;	35.099247940291434
XGL6020-472;	1350;	163.73629250118555;	1.3315790097797;	35.10241675481827
XGL6020-472;	1400;	171.00624886978076;	1.337203396110176;	35.102895314372304
XGL6020-472;	1450;	178.28037616354692;	1.3423185927698829;	35.10105425999456
XGL6020-472;	1500;	185.55812251611425;	1.3469907093743319;	35.09719899281808
XGL6020-472;	1550;	192.8390290845899;	1.3512748932978975;	35.09158374657594
XGL6020-472;	1600;	200.12271151859392;	1.3552175089523097;	35.08442151373184
XGL6020-472;	1650;	207.4088451617634;	1.3588578197204755;	35.075892478743704
XGL6020-472;	1700;	214.69715415059184;	1.3622292955705364;	35.06614974875542
XGL6020-472;	1750;	221.98740241978055;	1.3653606438173722;	35.05532451584092
XGL6020-472;	1800;	229.27938690854106;	1.3682766263098487;	35.043529628283636
XGL6020-472;	1850;	236.57293186915848;	1.3709987149479195;	35.030862874396306
XGL6020-472;	1900;	243.867884522602;	1.3735456199527567;	35.01740927288163
XGL6020-472;	1950;	251.16411138956866;	1.3759337200394794;	35.003243142361974
