XGL6030-222;	50;	3.3859426821376886;	1.1010752759207703;	10.353719008264461
XGL6030-222;	100;	6.771885364275378;	1.10107527592077;	10.353719008264461
XGL6030-222;	150;	10.157828046413071;	1.1010752759207698;	10.35371900826446
XGL6030-222;	200;	13.543770728550756;	1.10107527592077;	10.353719008264461
XGL6030-222;	250;	16.92971341068845;	1.1010752759207696;	10.353719008264457
XGL6030-222;	300;	20.31565609282613;	1.1010752759207698;	10.35371900826446
XGL6030-222;	350;	23.70159877496382;	1.10107527592077;	10.353719008264463
XGL6030-222;	400;	27.0875414571015;	1.1010752759207703;	10.353719008264472
XGL6030-222;	450;	30.473484139239186;	1.1010752759207703;	10.353719008264468
XGL6030-222;	500;	33.85942682137687;	1.1010752759207705;	10.353719008264466
XGL6030-222;	550;	37.6763073314662;	1.1055004377133044;	10.354442103082015
XGL6030-222;	600;	41.49368454566961;	1.1090855585831718;	10.354881946062605
XGL6030-222;	650;	45.311428700777974;	1.1120490872846052;	10.355112501632522
XGL6030-222;	700;	49.129451609995364;	1.1145397766187934;	10.355184044939149
XGL6030-222;	750;	52.94769124627721;	1.1166624243598797;	10.355131943280568
XGL6030-222;	800;	56.76610271294495;	1.1184929910458525;	10.35498180009106
XGL6030-222;	850;	60.584652711733945;	1.1200878801092875;	10.354752607437861
XGL6030-222;	900;	64.40331602632493;	1.1214898510801539;	10.354458748439571
XGL6030-222;	950;	68.22207320928253;	1.1227319097653066;	10.35411131755561
XGL6030-222;	1000;	72.04090902257362;	1.1238399392277192;	10.353719008264434
XGL6030-222;	1050;	74.56597708592025;	1.1498556185706292;	10.449098364930226
XGL6030-222;	1100;	77.12736648062534;	1.1731158985179746;	10.524323335219623
XGL6030-222;	1150;	79.71929009708244;	1.1940318039986753;	10.582577807331688
XGL6030-222;	1200;	82.33710765140546;	1.2129373925063658;	10.626416982794403
XGL6030-222;	1250;	84.97706000713706;	1.230106752026083;	10.657913101124105
XGL6030-222;	1300;	87.63607247878328;	1.2457667439934943;	10.678763342032928
XGL6030-222;	1350;	90.31160829311233;	1.2601066594309869;	10.690369553702972
XGL6030-222;	1400;	93.00155663184152;	1.2732856309393703;	10.6939002564218
XGL6030-222;	1450;	95.70414809520707;	1.2854383624712409;	10.690336386655853
XGL6030-222;	1500;	98.41788964302471;	1.2966796083284557;	10.680506064612809
XGL6030-222;	1550;	101.14151160026188;	1.3071077257782169;	10.665115731678318
XGL6030-222;	1600;	103.87392950523963;	1.3168074722231173;	10.644768471506085
XGL6030-222;	1650;	106.61421022306327;	1.3258522784540039;	10.619984857734226
XGL6030-222;	1700;	109.36154766687943;	1.3343060626398209;	10.591214629129325
XGL6030-222;	1750;	112.1152415855358;	1.3422247195058519;	10.558849118555692
XGL6030-222;	1800;	114.87468080422812;	1.3496573364397926;	10.523230425719088
XGL6030-222;	1850;	117.63932981894033;	1.3566471937168916;	10.484658476241774
XGL6030-222;	1900;	120.40871725019463;	1.3632325975189692;	10.443397738486931
XGL6030-222;	1950;	123.18242669374641;	1.3694475714523513;	10.399682059706148
