XGL6060-122;	50;	1.8541870927551152;	1.0552920634226695;	3.451239669421487
XGL6060-122;	100;	3.70837418551023;	1.0552920634226697;	3.4512396694214864
XGL6060-122;	150;	5.5625612782653455;	1.0552920634226697;	3.4512396694214864
XGL6060-122;	200;	7.416748371020462;	1.0552920634226695;	3.451239669421485
XGL6060-122;	250;	9.270935463775572;	1.05529206342267;	3.4512396694214864
XGL6060-122;	300;	11.12512255653069;	1.0552920634226697;	3.4512396694214855
XGL6060-122;	350;	12.979309649285803;	1.05529206342267;	3.451239669421487
XGL6060-122;	400;	14.833496742040916;	1.05529206342267;	3.4512396694214877
XGL6060-122;	450;	16.687683834796033;	1.0552920634226697;	3.4512396694214855
XGL6060-122;	500;	18.541870927551148;	1.0552920634226697;	3.451239669421485
XGL6060-122;	550;	19.15593497132401;	1.0824373384355404;	3.4693395653191588
XGL6060-122;	600;	19.780255925627475;	1.106746661830636;	3.481636095596939
XGL6060-122;	650;	20.413219011696636;	1.1286365982486926;	3.489038212493232
XGL6060-122;	700;	21.053524602014413;	1.1484470604609611;	3.4922773726510625
XGL6060-122;	750;	21.700116562254898;	1.1664579031241162;	3.491948160173623
XGL6060-122;	800;	22.352128866729217;	1.1829014540536271;	3.4885383788069997
XGL6060-122;	850;	23.008845340396245;	1.1979720793923554;	3.482451732141897
XGL6060-122;	900;	23.66966907595684;	1.2118335547933272;	3.4740249737991244
XGL6060-122;	950;	24.33409889852142;	1.2246248028824125;	3.463541125429695
XGL6060-122;	1000;	25.00171114929061;	1.2364643971139901;	3.4512396694214895
XGL6060-122;	1050;	25.775954022563273;	1.254297971070716;	3.4688023463585727
XGL6060-122;	1100;	26.556321250774293;	1.2705817646850708;	3.4830008344328016
XGL6060-122;	1150;	27.34200583329205;	1.2855078891296987;	3.494273028898572
XGL6060-122;	1200;	28.132334919569274;	1.299238204687908;	3.502984681334143
XGL6060-122;	1250;	28.926743444482035;	1.3119100006792845;	3.5094434159638124
XGL6060-122;	1300;	29.72475352602909;	1.323640456773318;	3.5139098828233606
XGL6060-122;	1350;	30.525958517336274;	1.3345301691192384;	3.516606174866934
XGL6060-122;	1400;	31.33001023067197;	1.3446659692712115;	3.5177228374307226
XGL6060-122;	1450;	32.13660894726587;	1.3541231862538698;	3.5174241108361666
XGL6060-122;	1500;	32.945495326059934;	1.3629674809684673;	3.5158523119435965
XGL6060-122;	1550;	33.756443822722844;	1.3712563432827574;	3.5131314450271254
XGL6060-122;	1600;	34.56925744640404;	1.3790403181087434;	3.509369928747846
XGL6060-122;	1650;	35.38376336600787;	1.3863640202886454;	3.504663038666001
XGL6060-122;	1700;	36.19980938503417;	1.3932669751223652;	3.4990947793989826
XGL6060-122;	1750;	37.017260899017444;	1.3997843233360787;	3.4927395508124404
XGL6060-122;	1800;	37.835998480533796;	1.405947409537805;	3.4856634629882945
XGL6060-122;	1850;	38.6559158207038;	1.4117842796788522;	3.477925402570623
XGL6060-122;	1900;	39.476917963257655;	1.4173201031065294;	3.469578035263648
XGL6060-122;	1950;	40.29891982345259;	1.4225775314117213;	3.4606686237653825
