XGL6020-682;	50;	9.600445249400057;	1.06536858281779;	51.53057851239668
XGL6020-682;	100;	19.200890498800113;	1.0653685828177901;	51.53057851239669
XGL6020-682;	150;	28.80133574820017;	1.0653685828177901;	51.53057851239669
XGL6020-682;	200;	38.401780997600234;	1.06536858281779;	51.53057851239668
XGL6020-682;	250;	48.002226247000266;	1.0653685828177903;	51.53057851239669
XGL6020-682;	300;	57.60267378532483;	1.0653685828177903;	51.53057851239673
XGL6020-682;	350;	69.51971855998254;	1.0361446396468177;	51.555945579038074
XGL6020-682;	400;	81.47338589631514;	1.0145184556058604;	51.56008399040601
XGL6020-682;	450;	93.45124624867549;	0.9978715543079899;	51.550201057365406
XGL6020-682;	500;	105.44591209662353;	0.9846635475125103;	51.5305785123967
XGL6020-682;	550;	110.9077131898453;	1.0407333767387397;	51.86804301859981
XGL6020-682;	600;	116.59988991244556;	1.0870682755233712;	52.07492003359652
XGL6020-682;	650;	122.46407478214014;	1.1259629802771856;	52.1841867126285
XGL6020-682;	700;	128.45964846082663;	1.1590545865501172;	52.21876403434155
XGL6020-682;	750;	134.55762418208292;	1.1875386028640214;	52.195011438332436
XGL6020-682;	800;	140.73683480109983;	1.212306558807232;	52.12488706261357
XGL6020-682;	850;	146.9815004398834;	1.2340358535295384;	52.01731829579895
XGL6020-682;	900;	153.27963705414817;	1.2532498572417898;	51.87909657836006
XGL6020-682;	950;	159.62199162253677;	1.2703590182229954;	51.7154751322394
XGL6020-682;	1000;	166.00131265413077;	1.28568957191493;	51.53057851239668
XGL6020-682;	1050;	176.86389916718;	1.2922293924935624;	51.54415311341851
XGL6020-682;	1100;	187.73201253632396;	1.297948372284475;	51.55466654829493
XGL6020-682;	1150;	198.60466027708185;	1.3029918667678013;	51.56266670435346
XGL6020-682;	1200;	209.48107396445826;	1.3074728367507302;	51.56857813608332
XGL6020-682;	1250;	220.36064946575897;	1.311480393527995;	51.57273487668463
XGL6020-682;	1300;	231.24290516629011;	1.3150857762032118;	51.57540343309441
XGL6020-682;	1350;	242.12745256232864;	1.3183466165709858;	51.576798894435115
XGL6020-682;	1400;	253.01397470222417;	1.3213100395974653;	51.57709686021875
XGL6020-682;	1450;	263.9022105104949;	1.3240149526507314;	51.576442032993256
XGL6020-682;	1500;	274.791942955561;	1.3264937616920711;	51.57495478174471
XGL6020-682;	1550;	285.6829901716995;	1.3287736744518608;	51.572736001308954
XGL6020-682;	1600;	296.5751985982026;	1.3308777024316727;	51.56987092745399
XGL6020-682;	1650;	307.4684376840344;	1.3328254397098482;	51.56643205308643
XGL6020-682;	1700;	318.36259571963365;	1.3346336745815397;	51.562481438547415
XGL6020-682;	1750;	329.257576638511;	1.336316874122998;	51.558072441451515
XGL6020-682;	1800;	340.15329722499825;	1.337887572335313;	51.553251330076854
XGL6020-682;	1850;	351.049685156534;	1.3393566821850194;	51.548058324095905
XGL6020-682;	1900;	361.94667724165686;	1.3407337495477107;	51.54252855971761
XGL6020-682;	1950;	372.8442180191875;	1.3420271607633125;	51.53669288721411
