XGL6060-562;	50;	7.802380603519324;	1.1632254981810104;	12.61487603305785
XGL6060-562;	100;	15.604761207038655;	1.1632254981810097;	12.61487603305785
XGL6060-562;	150;	23.407141810557977;	1.1632254981810102;	12.614876033057852
XGL6060-562;	200;	31.209522414077295;	1.1632254981810104;	12.614876033057854
XGL6060-562;	250;	39.011903017596616;	1.1632254981810104;	12.61487603305786
XGL6060-562;	300;	46.81428362111594;	1.1632254981810102;	12.614876033057856
XGL6060-562;	350;	54.61666422463529;	1.16322549818101;	12.614876033057852
XGL6060-562;	400;	62.419044828154576;	1.1632254981810106;	12.614876033057863
XGL6060-562;	450;	70.22142543167396;	1.1632254981810097;	12.614876033057838
XGL6060-562;	500;	78.02380603519325;	1.1632254981810102;	12.614876033057856
XGL6060-562;	550;	83.67205986670588;	1.1952765478497724;	12.70039393368952
XGL6060-562;	600;	89.37881259820607;	1.2218246853149302;	12.753356546557523
XGL6060-562;	650;	95.1296258018481;	1.2441689549193797;	12.781740158488965
XGL6060-562;	700;	100.9144210954457;	1.2632309961473993;	12.791124173246528
XGL6060-562;	750;	106.72595952518991;	1.2796822998309565;	12.785524709572178
XGL6060-562;	800;	112.55891233209638;	1.294023412650525;	12.76790428525762
XGL6060-562;	850;	118.40927281608246;	1.306634928955672;	12.740494746624801
XGL6060-562;	900;	124.27397143941558;	1.3178113097521953;	12.705009186043963
XGL6060-562;	950;	130.15061813582074;	1.3277838915186069;	12.662783792252736
XGL6060-562;	1000;	136.03732455057198;	1.3367369112771603;	12.614876033057854
XGL6060-562;	1050;	145.0825030905469;	1.3389309263761753;	12.616175618824112
XGL6060-562;	1100;	154.1281985389855;	1.3408601695769158;	12.617189248384523
XGL6060-562;	1150;	163.17432220836665;	1.3425698399253705;	12.617965917322678
XGL6060-562;	1200;	172.2208046056062;	1.3440954028922303;	12.618544029278885
XGL6060-562;	1250;	181.26759049205026;	1.3454650766476919;	12.618954123095982
XGL6060-562;	1300;	190.314635419669;	1.3467015931577522;	12.619220779903534
XGL6060-562;	1350;	199.36190321881188;	1.3478234696452702;	12.619364002579099
XGL6060-562;	1400;	208.40936415319828;	1.3488459421279386;	12.619400239420504
XGL6060-562;	1450;	217.4569935453227;	1.349781661362805;	12.619343152292183
XGL6060-562;	1500;	226.50477075691762;	1.35064121880871;	12.619204158950492
XGL6060-562;	1550;	235.552678384055;	1.3514335492915337;	12.618992895713166
XGL6060-562;	1600;	244.60070165621627;	1.3521662426737688;	12.618717536347885
XGL6060-562;	1650;	253.64882794440942;	1.3528457877846871;	12.618385080556902
XGL6060-562;	1700;	262.69704640228696;	1.35347776503054;	12.618001529651481
XGL6060-562;	1750;	271.74534764972515;	1.3540670000298891;	12.617572080801972
XGL6060-562;	1800;	280.79372353837476;	1.3546176870329132;	12.61710124818997
XGL6060-562;	1850;	289.84216695571416;	1.3551334889080733;	12.616592971947458
XGL6060-562;	1900;	298.8906716650419;	1.355617618711825;	12.616050707378506
XGL6060-562;	1950;	307.93923217454494;	1.3560729066794082;	12.615477497522695
