XGL6030-682;	50;	13.827810596363507;	0.9226623540761302;	29.87107438016529
XGL6030-682;	100;	27.65562119272702;	0.9226623540761301;	29.871074380165286
XGL6030-682;	150;	41.48343178909051;	0.9226623540761304;	29.871074380165293
XGL6030-682;	200;	55.311242385454044;	0.9226623540761298;	29.871074380165282
XGL6030-682;	250;	69.13905298181751;	0.9226623540761304;	29.8710743801653
XGL6030-682;	300;	82.96686687498801;	0.92266235407613;	29.871074380165275
XGL6030-682;	350;	89.87052811280617;	0.9888308476253976;	30.04538317734608
XGL6030-682;	400;	97.02262325806916;	1.0398325619483357;	30.0754334253054
XGL6030-682;	450;	104.34298089939458;	1.0802956577831542;	30.007771886164832
XGL6030-682;	500;	111.78210197731278;	1.1131563297278997;	29.871074380165272
XGL6030-682;	550;	122.6776284547416;	1.1577930224020447;	30.07520978129395
XGL6030-682;	600;	133.72890546423884;	1.1925511642577067;	30.192288694191674
XGL6030-682;	650;	144.8876137718576;	1.220369963243094;	30.24916079574581
XGL6030-682;	700;	156.12343116766704;	1.2431321057951428;	30.26271118386487
XGL6030-682;	750;	167.41641110825088;	1.2620977379193943;	30.24407272156736
XGL6030-682;	800;	178.75291345053492;	1.2781414338115042;	30.20087546479787
XGL6030-682;	850;	190.1233039038352;	1.2918888511531599;	30.138520020528816
XGL6030-682;	900;	201.5205878161786;	1.3037992398778655;	30.060935174729554
XGL6030-682;	950;	212.93956703267887;	1.3142172243413186;	29.9710458952346
XGL6030-682;	1000;	224.37629897100146;	1.32340641576762;	29.871074380165282
XGL6030-682;	1050;	248.5897221187901;	1.314294953328179;	29.90255370501833
XGL6030-682;	1100;	272.8177833923718;	1.3066861147363051;	29.92585491585641
XGL6030-682;	1150;	297.05718384901957;	1.3002366370401444;	29.942827536476383
XGL6030-682;	1200;	321.30554597267167;	1.2947003820270861;	29.954802726537466
XGL6030-682;	1250;	345.5611131404502;	1.2898962632230326;	29.96276292856317
XGL6030-682;	1300;	369.8225594648317;	1.2856880921741665;	29.967448967644284
XGL6030-682;	1350;	394.0888654036856;	1.2819714787637988;	29.969430052227622
XGL6030-682;	1400;	418.3592343679153;	1.2786650636474977;	29.969150558543095
XGL6030-682;	1450;	442.6330345078991;	1.2757045009758583;	29.966962867089162
XGL6030-682;	1500;	466.9097586711042;	1.2730382318082814;	29.96314958291493
XGL6030-682;	1550;	491.1889949060432;	1.2706244590415683;	29.957940137100326
XGL6030-682;	1600;	515.470405151725;	1.2684289417509007;	29.951522776644993
XGL6030-682;	1650;	539.753709376585;	1.2664233617311342;	29.944053339719158
XGL6030-682;	1700;	564.0386736328725;	1.2645840961304495;	29.935662030012185
XGL6030-682;	1750;	588.3251010127452;	1.2628912830528511;	29.926458340555232
XGL6030-682;	1800;	612.6128245359582;	1.2613281019001137;	29.91653513186756
XGL6030-682;	1850;	636.9017016952739;	1.2598802127392381;	29.90597162996634
XGL6030-682;	1900;	661.191610144388;	1.2585353152813508;	29.894835825501055
XGL6030-682;	1950;	685.482444229682;	1.257282798758004;	29.883186435814196
