XGL6030-332;	50;	5.340327249918697;	1.0566775412612703;	15.5900826446281
XGL6030-332;	100;	10.680654499837397;	1.05667754126127;	15.590082644628097
XGL6030-332;	150;	16.020981749756093;	1.0566775412612701;	15.5900826446281
XGL6030-332;	200;	21.361308999674804;	1.0566775412612694;	15.590082644628092
XGL6030-332;	250;	26.70163624959349;	1.05667754126127;	15.590082644628096
XGL6030-332;	300;	32.04196349951217;	1.0566775412612703;	15.590082644628104
XGL6030-332;	350;	37.38229074943087;	1.0566775412612706;	15.590082644628104
XGL6030-332;	400;	42.72261799934959;	1.0566775412612701;	15.59008264462809
XGL6030-332;	450;	48.06294524926824;	1.056677541261271;	15.590082644628113
XGL6030-332;	500;	53.40327249918699;	1.0566775412612697;	15.590082644628083
XGL6030-332;	550;	57.5190940792645;	1.0929346041287211;	15.662607855880518
XGL6030-332;	600;	61.685184617427424;	1.1225384114790278;	15.706715000917185
XGL6030-332;	650;	65.88839482092146;	1.1471570741988952;	15.729809460638828
XGL6030-332;	700;	70.11975844853268;	1.1679467209879917;	15.736944049426414
XGL6030-332;	750;	74.37296345069781;	1.1857330416882363;	15.731679377324951
XGL6030-332;	800;	78.64344328772306;	1.2011210313904572;	15.716594458945893
XGL6030-332;	850;	82.92781567247236;	1.2145638752640473;	15.693601790267653
XGL6030-332;	900;	87.22352363665941;	1.2264076271559141;	15.66414898806683
XGL6030-332;	950;	91.52859926543896;	1.2369210255194445;	15.629351518926164
XGL6030-332;	1000;	95.84150376459029;	1.2463159003751703;	15.590082644628126
XGL6030-332;	1050;	103.60726457922334;	1.2508005501868418;	15.593476936061444
XGL6030-332;	1100;	111.37451305913224;	1.2546308266206831;	15.596041716698892
XGL6030-332;	1150;	119.1429434570842;	1.2579401962764991;	15.59794719189473
XGL6030-332;	1200;	126.91232839717168;	1.2608281446270035;	15.5993200089203
XGL6030-332;	1250;	134.68249538319418;	1.2633703416387965;	15.600256264166577
XGL6030-332;	1300;	142.4533110024853;	1.265625366511774;	15.600830348373236
XGL6030-332;	1350;	150.22467061829565;	1.2676392732793555;	15.60110060086399
XGL6030-332;	1400;	157.996490930607;	1.269448768891608;	15.60111348906721
XGL6030-332;	1450;	165.76870481901852;	1.2710834697727091;	15.600906462442063
XGL6030-332;	1500;	173.54125760045963;	1.2725675348812835;	15.60051003949121
XGL6030-332;	1550;	181.31410430069036;	1.2739208672344262;	15.599949316384889
XGL6030-332;	1600;	189.08720749581815;	1.2751600120111588;	15.599245206061623
XGL6030-332;	1650;	196.86053591165427;	1.2762988353456146;	15.59841516597041
XGL6030-332;	1700;	204.6340631438508;	1.27734904581521;	15.597473945945094
XGL6030-332;	1750;	212.4077667606087;	1.278320598274755;	15.596434076876571
XGL6030-332;	1800;	220.1816275808625;	1.2792220103426104;	15.595306277463049
XGL6030-332;	1850;	227.955629109111;	1.2800606127218521;	15.594099764640374
XGL6030-332;	1900;	235.72975707777468;	1.2808427489902419;	15.592822513904235
XGL6030-332;	1950;	243.50399908694368;	1.2815739363245413;	15.591481455396279
