XGL6060-103;	50;	14.84828233006665;	1.0641308807892798;	22.016528925619827
XGL6060-103;	100;	29.696564660133305;	1.0641308807892798;	22.016528925619824
XGL6060-103;	150;	44.54484699019995;	1.06413088078928;	22.016528925619824
XGL6060-103;	200;	59.393129320266596;	1.0641308807892798;	22.016528925619824
XGL6060-103;	250;	74.24141165033319;	1.0641308807892806;	22.016528925619838
XGL6060-103;	300;	89.08969752050622;	1.0641308807892804;	22.01652892561984
XGL6060-103;	350;	97.88151611613391;	1.1340995941751395;	22.214948113774785
XGL6060-103;	400;	106.969682554389;	1.186332916194923;	22.245895054757597
XGL6060-103;	450;	116.2492294501996;	1.2267709418297565;	22.168300839219995
XGL6060-103;	500;	125.65909367804447;	1.2589834191883706;	22.01652892561987
XGL6060-103;	550;	139.22773669452909;	1.2904220614230972;	22.133282437034836
XGL6060-103;	600;	152.88570043083664;	1.3149883782127902;	22.200798011499977
XGL6060-103;	650;	166.605774323467;	1.334709555506974;	22.233964455613464
XGL6060-103;	700;	180.37075201420737;	1.3508881498349565;	22.24222876174923
XGL6060-103;	750;	194.169231571445;	1.3643988388988921;	22.231869633747323
XGL6060-103;	800;	207.99336272016043;	1.3758505724483454;	22.207221608807107
XGL6060-103;	850;	221.8375663308117;	1.3856802566106614;	22.17137227375136
XGL6060-103;	900;	235.697769516752;	1.394209451780718;	22.12658037497602
XGL6060-103;	950;	249.57093019909738;	1.4016800516789796;	22.074535997937605
XGL6060-103;	1000;	263.45473071178577;	1.4082775000671799;	22.016528925619784
XGL6060-103;	1050;	283.2606437979636;	1.3905666329852038;	22.209897847739835
XGL6060-103;	1100;	303.13541916627975;	1.3746904350962676;	22.36462952017915
XGL6060-103;	1150;	323.0694166016509;	1.3603790717468742;	22.48621774634826
XGL6060-103;	1200;	343.05470021332974;	1.3474129561601407;	22.579167848849707
XGL6060-103;	1250;	363.0846808063479;	1.3356116105156417;	22.647207961055646
XGL6060-103;	1300;	383.15384420789394;	1.3248253557291765;	22.693448220376542
XGL6060-103;	1350;	403.25754188772487;	1.3149290293488867;	22.720503485987884
XGL6060-103;	1400;	423.39182665191356;	1.3058171801763794;	22.73059105378599
XGL6060-103;	1450;	443.5533293967179;	1.2974003375342125;	22.72559702741157
XGL6060-103;	1500;	463.7391547191808;	1.2896021072398682;	22.707140730671263
XGL6060-103;	1550;	483.94680243850377;	1.282356869098972;	22.676617346286278
XGL6060-103;	1600;	504.1741012141671;	1.275607948661196;	22.635237941657564
XGL6060-103;	1650;	524.4191580394327;	1.2693061432776078;	22.584055925060458
XGL6060-103;	1700;	544.6803142204657;	1.2634085339628427;	22.523993586527727
XGL6060-103;	1750;	564.9561107683337;	1.2578775144204177;	22.455860973402935
XGL6060-103;	1800;	585.2452590630122;	1.25267999539628;	22.380373049009272
XGL6060-103;	1850;	605.5466168865595;	1.2477867471522965;	22.298162928976108
XGL6060-103;	1900;	625.8591682065048;	1.2431718536161789;	22.209793347803068
XGL6060-103;	1950;	646.182006551825;	1.2388122560479264;	22.115765720000567
