XGL6060-152;	50;	2.159212729598288;	1.0297551099417506;	3.927272727272727
XGL6060-152;	100;	4.318425459196576;	1.0297551099417503;	3.927272727272727
XGL6060-152;	150;	6.4776381887948675;	1.0297551099417501;	3.9272727272727255
XGL6060-152;	200;	8.636850918393154;	1.0297551099417501;	3.927272727272727
XGL6060-152;	250;	10.796063647991442;	1.0297551099417503;	3.9272727272727272
XGL6060-152;	300;	12.95527637758973;	1.0297551099417503;	3.9272727272727277
XGL6060-152;	350;	15.114489107188017;	1.0297551099417506;	3.9272727272727304
XGL6060-152;	400;	17.27370183678631;	1.0297551099417503;	3.9272727272727286
XGL6060-152;	450;	19.432914566384593;	1.0297551099417506;	3.927272727272729
XGL6060-152;	500;	21.592127295982884;	1.0297551099417503;	3.9272727272727277
XGL6060-152;	550;	22.45918246706737;	1.0558272736298144;	3.9462574849472616
XGL6060-152;	600;	23.33720952357776;	1.078920512181824;	3.9589964165254887
XGL6060-152;	650;	24.224345125131123;	1.0995127244692044;	3.9665469920055756
XGL6060-152;	700;	25.11911858876569;	1.1179858125798507;	3.9697435584246397
XGL6060-152;	750;	26.020355296177534;	1.1346483789470636;	3.969252556267899
XGL6060-152;	800;	26.927106856282478;	1.1497523443738138;	3.9656122101735494
XGL6060-152;	850;	27.83859978430975;	1.1635052869074027;	3.959261698887174
XGL6060-152;	900;	28.754197394093723;	1.1760797179687301;	3.950562750781581
XGL6060-152;	950;	29.673371115725562;	1.187620140813535;	3.93981588622743
XGL6060-152;	1000;	30.595678697883535;	1.19824848026434;	3.927272727272728
XGL6060-152;	1050;	31.3603421674846;	1.2202362181029887;	3.9600207288006404
XGL6060-152;	1100;	32.13627054816372;	1.240397394088942;	3.986581707688993
XGL6060-152;	1150;	32.92202423811145;	1.2589475907276673;	4.007735527555668
XGL6060-152;	1200;	33.71639410920163;	1.2760702169839155;	4.024138111608823
XGL6060-152;	1250;	34.518358035152325;	1.2919222059211783;	4.036344867878975
XGL6060-152;	1300;	35.327046827149985;	1.3066385595820944;	4.044828856904129
XGL6060-152;	1350;	36.14171712723638;	1.320336004699029;	4.049995320979366
XGL6060-152;	1400;	36.96172973559658;	1.333115950967998;	4.052193378300953
XGL6060-152;	1450;	37.78653227545729;	1.3450668978350941;	4.051725226897719
XGL6060-152;	1500;	38.61564510274472;	1.3562664073932258;	4.048853732137918
XGL6060-152;	1550;	39.44864991551081;	1.3667827280437648;	4.0438084759082855
XGL6060-152;	1600;	40.28518020316624;	1.3766761442865652;	4.0367910832003355
XGL6060-152;	1650;	41.12491376574813;	1.3860000927386817;	4.027978940572195
XGL6060-152;	1700;	41.96756607897316;	1.3948021053134372;	4.017529066015482
XGL6060-152;	1750;	42.812885092756325;	1.4031245958177008;	4.005580740916307
XGL6060-152;	1800;	43.66064672229164;	1.4110055276645599;	3.992258017024006
XGL6060-152;	1850;	44.510651234342745;	1.418478977157797;	3.9776714812301055
XGL6060-152;	1900;	45.362719815071245;	1.4255756205138856;	3.9619204690266927
XGL6060-152;	1950;	46.216692091092305;	1.4323231423865308;	3.945094127645405
