XGL6020-152;	50;	2.2934773953729652;	1.03425900604725;	10.94876033057851
XGL6020-152;	100;	4.586954790745931;	1.0342590060472496;	10.94876033057851
XGL6020-152;	150;	6.880432186118898;	1.0342590060472496;	10.94876033057851
XGL6020-152;	200;	9.173909581491866;	1.0342590060472494;	10.948760330578509
XGL6020-152;	250;	11.46738697686483;	1.0342590060472496;	10.948760330578509
XGL6020-152;	300;	13.760864372237787;	1.0342590060472503;	10.948760330578512
XGL6020-152;	350;	16.05434176761076;	1.0342590060472499;	10.948760330578507
XGL6020-152;	400;	18.347819162983726;	1.0342590060472499;	10.948760330578509
XGL6020-152;	450;	20.641296558356686;	1.03425900604725;	10.948760330578512
XGL6020-152;	500;	22.934773953729657;	1.0342590060472499;	10.948760330578509
XGL6020-152;	550;	25.532030940739688;	1.0360403906727036;	10.948841522933865
XGL6020-152;	600;	28.129342539520973;	1.037488622680444;	10.948891150783217
XGL6020-152;	650;	30.726694716047298;	1.0386891677047685;	10.948917325016524
XGL6020-152;	700;	33.32407786538084;	1.0397005612250987;	10.94892559687175
XGL6020-152;	750;	35.92148519222197;	1.040564240999734;	10.948919893826863
XGL6020-152;	800;	38.51891175358026;	1.0413103648089093;	10.948903072829046
XGL6020-152;	850;	41.1163538679088;	1.0419614040886593;	10.948877261780984
XGL6020-152;	900;	43.71380873684679;	1.0425344460137123;	10.948844078131206
XGL6020-152;	950;	46.31127419536733;	1.0430427149677475;	10.94880477327805
XGL6020-152;	1000;	48.90874854219979;	1.0434966056944304;	10.948760330578516
XGL6020-152;	1050;	49.67232024686725;	1.0700637190640963;	11.028157198031224
XGL6020-152;	1100;	50.46156636438506;	1.0946813631400376;	11.093186715662949
XGL6020-152;	1150;	51.27355202412953;	1.1175501563966586;	11.145480798092763
XGL6020-152;	1200;	52.10575198373551;	1.1388450837854343;	11.186442272455755
XGL6020-152;	1250;	52.955986306198355;	1.1587192700262703;	11.21728145011067
XGL6020-152;	1300;	53.8223655236736;	1.177307168943679;	11.239047335167413
XGL6020-152;	1350;	54.70324658848118;	1.194727215221251;	11.252652355373009
XGL6020-152;	1400;	55.59719512971435;	1.2110840753286314;	11.258893383909934
XGL6020-152;	1450;	56.502954781326;	1.226470531759029;	11.258468893930042
XGL6020-152;	1500;	57.419421062479614;	1.2409690851166022;	11.251993387895913
XGL6020-152;	1550;	58.34561969856273;	1.2546533085965383;	11.240009543539944
XGL6020-152;	1600;	59.280688743421635;	1.2675889953333526;	11.222997813912214
XGL6020-152;	1650;	60.223862917902274;	1.2798351456967163;	11.201385380057179
XGL6020-152;	1700;	61.17446096338701;	1.2914448034734403;	11.175552856472386
XGL6020-152;	1750;	62.13187446059255;	1.302465779915186;	11.145840660597015
XGL6020-152;	1800;	63.09555864083253;	1.3129412724874765;	11.112553931441143
XGL6020-152;	1850;	64.06502442012359;	1.3229104007780843;	11.075966935673621
XGL6020-152;	1900;	65.03983149803902;	1.3324086716319687;	11.036326933579874
XGL6020-152;	1950;	66.01958258539044;	1.3414683809407115;	10.993857295450395
