XGL6030-472;	50;	8.400642802983995;	0.9805480531762896;	20.82644628099173
XGL6030-472;	100;	16.801285605967973;	0.9805480531762907;	20.826446280991735
XGL6030-472;	150;	25.201928408951964;	0.9805480531762906;	20.82644628099174
XGL6030-472;	200;	33.60257121193596;	0.9805480531762901;	20.826446280991735
XGL6030-472;	250;	42.00321401491993;	0.9805480531762907;	20.826446280991746
XGL6030-472;	300;	50.403856817903915;	0.9805480531762905;	20.82644628099175
XGL6030-472;	350;	58.80449962088794;	0.9805480531762901;	20.82644628099174
XGL6030-472;	400;	67.20514242387193;	0.98054805317629;	20.826446280991732
XGL6030-472;	450;	75.60578522685587;	0.9805480531762906;	20.82644628099176
XGL6030-472;	500;	84.00642802983988;	0.9805480531762903;	20.826446280991746
XGL6030-472;	550;	87.3023831761197;	1.0445262916518006;	21.17676378796909
XGL6030-472;	600;	90.83523125233562;	1.0979005346709725;	21.393357873276855
XGL6030-472;	650;	94.54680713152132;	1.1430470882394206;	21.5089171741325
XGL6030-472;	700;	98.39594678922865;	1.1816984504998522;	21.546533821743076
XGL6030-472;	750;	102.35291304910054;	1.2151417135798743;	21.5228916885085
XGL6030-472;	800;	106.39579098482284;	1.2443501414669909;	21.450300950847225
XGL6030-472;	850;	110.50812704394696;	1.2700717794597702;	21.338021502370253
XGL6030-472;	900;	114.67735648885197;	1.2928901717890446;	21.19314059258114
XGL6030-472;	950;	118.89373521452558;	1.3132667205184088;	21.021167512163576
XGL6030-472;	1000;	123.14959955221792;	1.3315707550565596;	20.826446280991714
XGL6030-472;	1050;	133.82509409755087;	1.3310248778304161;	20.826511445804606
XGL6030-472;	1100;	144.50061734786289;	1.3305592293824184;	20.826560684745566
XGL6030-472;	1150;	155.17616341369305;	1.3301573334239771;	20.826597266205965
XGL6030-472;	1200;	165.85172791399376;	1.3298069361683191;	20.82662362122767
XGL6030-472;	1250;	176.52730752140798;	1.3294987351213339;	20.82664159602196
XGL6030-472;	1300;	187.2028996640407;	1.3292255410230918;	20.826652617751797
XGL6030-472;	1350;	197.8785023226679;	1.328981710022379;	20.826657806440192
XGL6030-472;	1400;	208.55411388939856;	1.328762749603709;	20.82665805426188
XGL6030-472;	1450;	219.22973306830548;	1.3285650392445176;	20.826654080122424
XGL6030-472;	1500;	229.9053588033031;	1.3283856286399405;	20.82664646985646
XGL6030-472;	1550;	240.58099022487775;	1.3282220894786148;	20.826635705804044
XGL6030-472;	1600;	251.2566266109175;	1.3280724048869548;	20.826622188443707
XGL6030-472;	1650;	261.9322673564889;	1.327934885832058;	20.826606253385577
XGL6030-472;	1700;	272.60791195119265;	1.3278081071096046;	20.826588183673138
XGL6030-472;	1750;	283.2835599612311;	1.3276908577675288;	20.826568219968625
XGL6030-472;	1800;	293.9592110156672;	1.3275821023030792;	20.826546568013658
XGL6030-472;	1850;	304.6348647954379;	1.3274809499985054;	20.82652340471879
XGL6030-472;	1900;	315.31052102450036;	1.3273866304709958;	20.826498883222502
XGL6030-472;	1950;	325.98617946292785;	1.3272984740149325;	20.82647313655327
