XGL6030-822;	50;	14.953694829243494;	0.9894478057906997;	41.652892561983464
XGL6030-822;	100;	29.907389658486988;	0.9894478057906998;	41.652892561983464
XGL6030-822;	150;	44.86108448773047;	0.9894478057907001;	41.65289256198347
XGL6030-822;	200;	59.81477931697398;	0.9894478057906998;	41.65289256198346
XGL6030-822;	250;	74.76847414621746;	0.9894478057906999;	41.65289256198346
XGL6030-822;	300;	89.72217254069962;	0.9894478057906999;	41.652892561983464
XGL6030-822;	350;	95.76305589281108;	1.0775688629805578;	41.97163892637245
XGL6030-822;	400;	102.27123141495052;	1.1448839681901022;	42.02419686404624
XGL6030-822;	450;	109.08881073786854;	1.1978807743686135;	41.899969658047425
XGL6030-822;	500;	116.12056078902842;	1.2406403298569995;	41.65289256198344
XGL6030-822;	550;	129.38089414929036;	1.2757104999292468;	41.78227519311511
XGL6030-822;	600;	142.74275143762404;	1.3026881194515996;	41.85563132503279
XGL6030-822;	650;	156.1736461655393;	1.324078990100835;	41.89075884682965
XGL6030-822;	700;	169.6535775316697;	1.341452940092002;	41.898653998787466
XGL6030-822;	750;	183.16957250708174;	1.3558428471686403;	41.8864713913434
XGL6030-822;	800;	196.71285454781727;	1.3679558434673336;	41.85906452437126
XGL6030-822;	850;	210.27727651395116;	1.378292212274401;	41.819841087411845
XGL6030-822;	900;	223.8584061815867;	1.3872157994824519;	41.77126323189254
XGL6030-822;	950;	237.45296779372933;	1.3949975212715813;	41.71515418086854
XGL6030-822;	1000;	251.0584885027562;	1.4018432318774101;	41.65289256198345
XGL6030-822;	1050;	275.9592343431065;	1.3850051256571705;	41.78971171828288
XGL6030-822;	1100;	300.917727366414;	1.370547072082421;	41.89424783112914
XGL6030-822;	1150;	325.9229118757916;	1.357998624334573;	41.97274204378037
XGL6030-822;	1200;	350.966376412415;	1.347005474368041;	42.02992721104932
XGL6030-822;	1250;	376.04160979052216;	1.3372957436118014;	42.06945716541375
XGL6030-822;	1300;	401.14349461442106;	1.328657356617801;	42.0941968601438
XGL6030-822;	1350;	426.2679541026196;	1.320922472500058;	42.10642412826024
XGL6030-822;	1400;	451.411701142832;	1.3139565342653217;	42.10797214242542
XGL6030-822;	1450;	476.57205563652786;	1.3076504165642724;	42.10033383261774
XGL6030-822;	1500;	501.74681149327773;	1.301914692098383;	42.084736072292706
XGL6030-822;	1550;	526.9341360129494;	1.2966753831012814;	42.06219707676559
XGL6030-822;	1600;	552.1324945205884;	1.291870764972747;	42.03356835066427
XGL6030-822;	1650;	577.340591943289;	1.2874489323480556;	41.99956799198201
XGL6030-822;	1700;	602.5573280141997;	1.2833659221720328;	41.960805507011116
XGL6030-822;	1750;	627.7817620698366;	1.2795842513488036;	41.91780150767956
XGL6030-822;	1800;	653.0130849837775;	1.276071766145792;	41.871003600406375
XGL6030-822;	1850;	678.2505969995569;	1.2728007279752458;	41.820798644517915
XGL6030-822;	1900;	703.493690430868;	1.2697470803536235;	41.76752215957327
XGL6030-822;	1950;	728.7418337509573;	1.2668898594664924;	41.711467915328306
