XGL6020-102;	50;	1.80618147157822;	0.9931741950714803;	7.9735537190082635
XGL6020-102;	100;	3.6123629431564406;	0.9931741950714803;	7.973553719008263
XGL6020-102;	150;	5.418544414734659;	0.9931741950714806;	7.973553719008265
XGL6020-102;	200;	7.224725886312881;	0.9931741950714804;	7.973553719008264
XGL6020-102;	250;	9.030907357891106;	0.9931741950714797;	7.973553719008262
XGL6020-102;	300;	10.837088829469325;	0.99317419507148;	7.9735537190082635
XGL6020-102;	350;	12.643270301047547;	0.9931741950714799;	7.973553719008263
XGL6020-102;	400;	14.44945177262577;	0.9931741950714796;	7.973553719008261
XGL6020-102;	450;	16.255633244203985;	0.9931741950714803;	7.973553719008264
XGL6020-102;	500;	18.061814715782198;	0.9931741950714805;	7.973553719008266
XGL6020-102;	550;	19.867996187360426;	0.9931741950714801;	7.9735537190082635
XGL6020-102;	600;	21.67417765893865;	0.99317419507148;	7.9735537190082635
XGL6020-102;	650;	23.48035913051687;	0.9931741950714802;	7.973553719008266
XGL6020-102;	700;	25.286540602095087;	0.9931741950714802;	7.973553719008266
XGL6020-102;	750;	27.092722073673315;	0.99317419507148;	7.973553719008261
XGL6020-102;	800;	28.898903545251546;	0.9931741950714794;	7.973553719008255
XGL6020-102;	850;	30.705085016829752;	0.9931741950714801;	7.973553719008266
XGL6020-102;	900;	32.511266488408;	0.9931741950714794;	7.973553719008254
XGL6020-102;	950;	34.3174479599862;	0.9931741950714799;	7.973553719008258
XGL6020-102;	1000;	36.12362943156442;	0.9931741950714797;	7.973553719008261
XGL6020-102;	1050;	36.643304522213356;	1.0130126330757132;	8.010076540994149
XGL6020-102;	1100;	37.1737163256468;	1.031650889100401;	8.040492971181669
XGL6020-102;	1150;	37.71385718068784;	1.0491916631713682;	8.065375530974515
XGL6020-102;	1200;	38.262835788756924;	1.0657266525564781;	8.085229909267154
XGL6020-102;	1250;	38.81986192342604;	1.0813379237795275;	8.100503977378056
XGL6020-102;	1300;	39.384233156133774;	1.0960990992218855;	8.11159555371537
XGL6020-102;	1350;	39.95532370055249;	1.1100763759298902;	8.118858832063845
XGL6020-102;	1400;	40.5325745339743;	1.123329413059532;	8.122610179978063
XGL6020-102;	1450;	41.115485171968146;	1.1359120948095758;	8.123132741976615
XGL6020-102;	1500;	41.703606413035395;	1.147873195862105;	8.12068067486105
XGL6020-102;	1550;	42.296534118838;	1.1592569593088573;	8.115482685002897
XGL6020-102;	1600;	42.89390392941949;	1.1701035983231927;	8.107744988776014
XGL6020-102;	1650;	43.495386545304065;	1.1804497370787068;	8.09765404666626
XGL6020-102;	1700;	44.100683791047366;	1.1903287934958373;	8.085378722920085
XGL6020-102;	1750;	44.70952503462969;	1.1997713179431346;	8.071072388068114
XGL6020-102;	1800;	45.32166419538303;	1.2088052885394889;	8.05487454306814
XGL6020-102;	1850;	45.93687701555835;	1.2174563733138357;	8.036912436083973
XGL6020-102;	1900;	46.55495883389555;	1.2257481587551444;	8.017302210326587
XGL6020-102;	1950;	47.17572247937938;	1.2337023547665278;	7.9961501429542094
