XGL6030-183;	50;	31.73866140019197;	1.0715296466844808;	82.8297520661157
XGL6030-183;	100;	63.47732374626977;	1.0715296466844806;	82.8297520661157
XGL6030-183;	150;	92.53548830847713;	1.0803346608121331;	82.83153687747512
XGL6030-183;	200;	121.59673460683713;	1.0848764485160127;	82.83155462797842
XGL6030-183;	250;	150.65925740642152;	1.0876477678603211;	82.83084009316734
XGL6030-183;	300;	179.7224424545308;	1.0895149884227198;	82.82975206611569
XGL6030-183;	350;	202.39031007828817;	1.189284777846851;	83.55345237993434
XGL6030-183;	400;	226.20579802574704;	1.2574579244968755;	83.63416310669416
XGL6030-183;	450;	250.67401607330495;	1.3069050594517724;	83.34674592693644
XGL6030-183;	500;	275.5468370581557;	1.3443774115568394;	82.82975206611565
XGL6030-183;	550;	319.7730575330398;	1.3329317519049597;	82.8656797197412
XGL6030-183;	600;	364.02664595454047;	1.3241063736104568;	82.88637659001931
XGL6030-183;	650;	408.29926126294333;	1.3170940798904567;	82.89649807643116
XGL6030-183;	700;	452.58563820827567;	1.3113882931353227;	82.89897816230976
XGL6030-183;	750;	496.88228951901294;	1.306655047906909;	82.89575771742923
XGL6030-183;	800;	541.1868145166103;	1.302665250001659;	82.88817135296793
XGL6030-183;	850;	585.4975057315845;	1.2992565144078179;	82.8771677658363
XGL6030-183;	900;	629.8131163196956;	1.296310532821843;	82.8634391102171
XGL6030-183;	950;	674.1327142273566;	1.2937390709798375;	82.84750253646546
XGL6030-183;	1000;	718.4555889126304;	1.2914749840710704;	82.8297520661159
XGL6030-183;	1050;	762.7811890658018;	1.2894662717728844;	82.81049333992013
XGL6030-183;	1100;	807.1090805442751;	1.2876720363855132;	82.789966907904
XGL6030-183;	1150;	851.4389167092536;	1.2860596701274614;	82.76836481902448
XGL6030-183;	1200;	895.7704175192666;	1.2846028560126619;	82.74584213126539
XGL6030-183;	1250;	940.1033543568201;	1.283280120599059;	82.72252535263267
XGL6030-183;	1300;	984.4375380797356;	1.282073769354838;	82.69851940104395
XGL6030-183;	1350;	1028.772812146063;	1.280969089278796;	82.67391067948572
XGL6030-183;	1400;	1073.1090446733865;	1.2799537474239546;	82.64877224396044
XGL6030-183;	1450;	1117.4461243736744;	1.2790173278162662;	82.62316560526394
XGL6030-183;	1500;	1161.783956452749;	1.2781509731265508;	82.59714328302289
XGL6030-183;	1550;	1206.122459843513;	1.27734710351972;	82.57075005080885
XGL6030-183;	1600;	1250.4615647029907;	1.276599194436606;	82.54402452396891
XGL6030-183;	1650;	1294.80121047236;	1.2759015991689526;	82.51700024128618
XGL6030-183;	1700;	1339.1413445734945;	1.2752494059024173;	82.48970621134065
XGL6030-183;	1750;	1383.481920976851;	1.2746383220405284;	82.4621678691399
XGL6030-183;	1800;	1427.8228990984007;	1.2740645796653174;	82.4344078499131
XGL6030-183;	1850;	1472.1642434884004;	1.2735248574849134;	82.40644553124824
XGL6030-183;	1900;	1516.5059227461177;	1.2730162167502852;	82.37829807175845
XGL6030-183;	1950;	1560.8479088061738;	1.2725360477943066;	82.34998103304305
