XGL6060-332;	50;	4.652373024876448;	1.0736951455632;	7.021487603305784
XGL6060-332;	100;	9.304746049752897;	1.0736951455632;	7.021487603305784
XGL6060-332;	150;	13.95711907462934;	1.0736951455632004;	7.021487603305787
XGL6060-332;	200;	18.609492099505793;	1.0736951455632;	7.021487603305782
XGL6060-332;	250;	23.261865124382243;	1.0736951455632;	7.021487603305781
XGL6060-332;	300;	27.914238149258697;	1.0736951455631998;	7.021487603305778
XGL6060-332;	350;	32.56661117413513;	1.0736951455632;	7.021487603305785
XGL6060-332;	400;	37.21898419901159;	1.0736951455632;	7.021487603305785
XGL6060-332;	450;	41.871357223888026;	1.0736951455632;	7.0214876033057845
XGL6060-332;	500;	46.523730248764466;	1.0736951455632004;	7.021487603305784
XGL6060-332;	550;	47.92045135905076;	1.1190275877077198;	7.13402193678241
XGL6060-332;	600;	49.386410150671075;	1.1586367456810127;	7.207893857367689
XGL6060-332;	650;	50.90831259599241;	1.1935189153213783;	7.250454100392487
XGL6060-332;	700;	52.47595886606051;	1.2244572614674771;	7.267343936423857
XGL6060-332;	750;	54.08142292999939;	1.2520743912901746;	7.262952158953297
XGL6060-332;	800;	55.71846982447492;	1.2768705925709949;	7.240737024373328
XGL6060-332;	850;	57.38213757591236;	1.2992519212766425;	7.203456603377053
XGL6060-332;	900;	59.068434714763896;	1.3195510415419995;	7.153334421451863
XGL6060-332;	950;	60.774117825794605;	1.3380428720475661;	7.092181734298362
XGL6060-332;	1000;	62.49652688358893;	1.35495644633211;	7.021487603305779
XGL6060-332;	1050;	66.3621313312121;	1.3589527009224185;	7.023497064571363
XGL6060-332;	1100;	70.22852347640924;	1.3624847081389917;	7.02507220721948
XGL6060-332;	1150;	74.09557234065686;	1.365628911461968;	7.026285052598415
XGL6060-332;	1200;	77.9631744511698;	1.3684458471200467;	7.027192535980611
XGL6060-332;	1250;	81.83124698302703;	1.3709840766114876;	7.027840257629302
XGL6060-332;	1300;	85.6997228507882;	1.373283007761479;	7.028265177245209
XGL6060-332;	1350;	89.56854715039854;	1.3753749541075717;	7.028497548480696
XGL6060-332;	1400;	93.43767450584694;	1.3772866624841085;	7.028562390281193
XGL6060-332;	1450;	97.30706708588244;	1.3790404621606487;	7.028480576758506
XGL6060-332;	1500;	101.17669311111635;	1.3806551405078162;	7.028269639304522
XGL6060-332;	1550;	105.04652567727038;	1.3821466185445948;	7.027944433247318
XGL6060-332;	1600;	108.91654186489765;	1.3835284773715233;	7.027517612685434
XGL6060-332;	1650;	112.78672202305683;	1.3848123728217165;	7.027000031403908
XGL6060-332;	1700;	116.65704920765718;	1.3860083649120751;	7.026401051898643
XGL6060-332;	1750;	120.5275087293961;	1.3871251819058885;	7.025728794822915
XGL6060-332;	1800;	124.39808779023932;	1.388170433630352;	7.024990331547464
XGL6060-332;	1850;	128.26877521299957;	1.3891507848260518;	7.0241918409100546
XGL6060-332;	1900;	132.13956113538063;	1.3900720979382546;	7.023338781033599
XGL6060-332;	1950;	136.0104368806805;	1.3909395498075443;	7.022435949607429
