XGL6030-562;	50;	8.677295149136492;	1.0600140315989701;	24.39669421487603
XGL6030-562;	100;	17.354590298273003;	1.0600140315989692;	24.39669421487602
XGL6030-562;	150;	26.031885447409483;	1.06001403159897;	24.396694214876028
XGL6030-562;	200;	34.70918059654599;	1.0600140315989697;	24.39669421487602
XGL6030-562;	250;	43.386475745682475;	1.0600140315989697;	24.396694214876025
XGL6030-562;	300;	52.06377089481895;	1.0600140315989701;	24.396694214876028
XGL6030-562;	350;	60.74106604395547;	1.0600140315989697;	24.396694214876025
XGL6030-562;	400;	69.41836119309197;	1.0600140315989697;	24.396694214876018
XGL6030-562;	450;	78.09565634222848;	1.0600140315989695;	24.39669421487601
XGL6030-562;	500;	86.77295149136494;	1.06001403159897;	24.39669421487604
XGL6030-562;	550;	91.92174226688716;	1.109273606977253;	24.611738237618628
XGL6030-562;	600;	97.21912932134067;	1.1498725008736554;	24.743433030858395
XGL6030-562;	650;	102.62712251037249;	1.1838864935263436;	24.812950217561166
XGL6030-562;	700;	108.11947111049356;	1.212783844444312;	24.83493076714639
XGL6030-562;	750;	113.67752098518142;	1.2376301246402426;	24.819794869195373
XGL6030-562;	800;	119.28768424319954;	1.259216274932965;	24.77514772538366
XGL6030-562;	850;	124.93984602242611;	1.2781411191581447;	24.70666209915184
XGL6030-562;	900;	130.62633019513567;	1.2948660238573855;	24.618652508946536
XGL6030-562;	950;	136.3412116390049;	1.3097520027039105;	24.51445626871095
XGL6030-562;	1000;	142.07984690570285;	1.32308547838826;	24.39669421487603
XGL6030-562;	1050;	152.65324401283587;	1.3255933170044951;	24.398364766358835
XGL6030-562;	1100;	163.22734093396747;	1.3277669761068145;	24.39964774299312
XGL6030-562;	1150;	173.802005873832;	1.3296690762418066;	24.400616040598884
XGL6030-562;	1200;	184.3771381694161;	1.3313475128339753;	24.401325356221438
XGL6030-562;	1250;	194.95265961810153;	1.3328395438953005;	24.40181897319033
XGL6030-562;	1300;	205.52850854093256;	1.3341745877651898;	24.402131043065978
XGL6030-562;	1350;	216.10463563827543;	1.3353761819880705;	24.402288866003293
XGL6030-562;	1400;	226.68100103488533;	1.3364633827978127;	24.402314528903677
XGL6030-562;	1450;	237.25757212566847;	1.3374517831507233;	24.40222609879564
XGL6030-562;	1500;	247.83432199656428;	1.3383542652628069;	24.402038488718798
XGL6030-562;	1550;	258.41122823254597;	1.3391815651277237;	24.40176412279587
XGL6030-562;	1600;	268.9882720130961;	1.3399427016046295;	24.401413434547347
XGL6030-562;	1650;	279.5654374239504;	1.3406453064987014;	24.400995246162864
XGL6030-562;	1700;	290.1427109128486;	1.3412958813496636;	24.40051707360698
XGL6030-562;	1750;	300.7200808694911;	1.3418999991898408;	24.399985355418163
XGL6030-562;	1800;	311.2975372899253;	1.3424624645817285;	24.399405639173235
XGL6030-562;	1850;	321.87507150538937;	1.3429874416654797;	24.39878273467424
XGL6030-562;	1900;	332.4526759691429;	1.3434785574157644;	24.39812082890119
XGL6030-562;	1950;	343.0303440808664;	1.3439389855511052;	24.397423582674985
