XGL6060-822;	50;	13.260711620352257;	0.9938198616267799;	18.089256198347105
XGL6060-822;	100;	26.52142324070452;	0.9938198616267795;	18.0892561983471
XGL6060-822;	150;	39.782134861056754;	0.9938198616267804;	18.089256198347112
XGL6060-822;	200;	53.04284648140903;	0.9938198616267799;	18.089256198347105
XGL6060-822;	250;	66.30355810176131;	0.9938198616267793;	18.089256198347083
XGL6060-822;	300;	79.56427288371358;	0.9938198616267796;	18.089256198347087
XGL6060-822;	350;	82.55932939958393;	1.094596752212918;	18.462913288303465
XGL6060-822;	400;	86.09617070163169;	1.1739315762258147;	18.529485109711832
XGL6060-822;	450;	90.00422024148808;	1.2378406455499822;	18.384737167160164
XGL6060-822;	500;	94.17556732398239;	1.29034101104408;	18.089256198347098
XGL6060-822;	550;	104.32203094523521;	1.3127061122783878;	18.13571567424549
XGL6060-822;	600;	114.5030292478753;	1.3304451268807986;	18.163134955343725
XGL6060-822;	650;	124.7086177283087;	1.3448572776509593;	18.176963180258213
XGL6060-822;	700;	134.9323294715827;	1.3567973858354945;	18.180753607551136
XGL6060-822;	750;	145.16977936495334;	1.3668507535473882;	18.17692130692179
XGL6060-822;	800;	155.41788978732347;	1.3754315492836158;	18.16716472595949
XGL6060-822;	850;	165.67443755392327;	1.3828410558806272;	18.15271301076415
XGL6060-822;	900;	175.9377769745246;	1.3893036565030163;	18.134477418175173
XGL6060-822;	950;	186.20666388507465;	1.3949898868024058;	18.113147840351534
XGL6060-822;	1000;	196.4801402912809;	1.4000316670955903;	18.089256198347165
XGL6060-822;	1050;	211.61985526718743;	1.3836043929501722;	18.20938261686635
XGL6060-822;	1100;	226.80347252141743;	1.3689607289116725;	18.304905650515376
XGL6060-822;	1150;	242.0245187915714;	1.3558260933607895;	18.37950191015238
XGL6060-822;	1200;	257.27772621604356;	1.3439793548012806;	18.436152769563428
XGL6060-822;	1250;	272.5587653954831;	1.3332404633640325;	18.477301474615768
XGL6060-822;	1300;	287.8640469202754;	1.3234613544318694;	18.504967981418197
XGL6060-822;	1350;	303.19056986577647;	1.3145191651963306;	18.520837603469822
XGL6060-822;	1400;	318.53580706989237;	1.306311100486366;	18.526326404269238
XGL6060-822;	1450;	333.89761518330215;	1.2987505051179662;	18.522633373268278
XGL6060-822;	1500;	349.2741649336332;	1.2917638208616602;	18.510780070588616
XGL6060-822;	1550;	364.66388588241324;	1.285288206191914;	18.491642088403562
XGL6060-822;	1600;	380.06542165715274;	1.2792696577428202;	18.46597543832835
XGL6060-822;	1650;	395.4775961967199;	1.2736615084945253;	18.434433791432244
XGL6060-822;	1700;	410.89938367397934;	1.2684232271989857;	18.39758717455875
XGL6060-822;	1750;	426.329885711808;	1.2635194424622416;	18.3559342612771
XGL6060-822;	1800;	441.76831203600926;	1.2589191483499635;	18.30991355418525
XGL6060-822;	1850;	457.2139651228339;	1.2545950511357158;	18.2599114437684
XGL6060-822;	1900;	472.66622649489324;	1.2505230314384275;	18.20627061516233
XGL6060-822;	1950;	488.1245464299029;	1.246681695238618;	18.149295093737045
