XGL6030-103;	50;	18.665152793182475;	0.9247383494482704;	45.22314049586776
XGL6030-103;	100;	37.33030558636495;	0.9247383494482704;	45.22314049586777
XGL6030-103;	150;	55.99545837954743;	0.9247383494482704;	45.22314049586777
XGL6030-103;	200;	74.66061117272987;	0.9247383494482705;	45.22314049586778
XGL6030-103;	250;	93.32576396591237;	0.9247383494482703;	45.223140495867774
XGL6030-103;	300;	111.99092120921405;	0.9247383494482704;	45.223140495867774
XGL6030-103;	350;	119.12410589275105;	1.0205905861698363;	45.690451916191144
XGL6030-103;	400;	126.93801142205037;	1.0934132696168637;	45.76580676604928
XGL6030-103;	450;	135.19910013497122;	1.1504779384188324;	45.583308090379234
XGL6030-103;	500;	143.76740250823707;	1.19633689870316;	45.22314049586776
XGL6030-103;	550;	161.8479799340884;	1.232505891508723;	45.38738816475903
XGL6030-103;	600;	180.06069312966414;	1.2597831112517208;	45.478301097573535
XGL6030-103;	650;	198.36092681058412;	1.281082705198264;	45.520497244860486
XGL6030-103;	700;	216.72206834925666;	1.2981727662049372;	45.528704732587926
XGL6030-103;	750;	235.12727938174405;	1.3121875330260118;	45.51226711260351
XGL6030-103;	800;	253.56539390646907;	1.3238877583978135;	45.477394820264564
XGL6030-103;	850;	272.02871891280455;	1.3338026042466362;	45.428375333417996
XGL6030-103;	900;	290.511783151431;	1.342311468134862;	45.368263513737055
XGL6030-103;	950;	309.01059007691185;	1.3496934297147167;	45.29929432839942
XGL6030-103;	1000;	327.5221528006513;	1.3561583325482798;	45.223140495867646
XGL6030-103;	1050;	362.63934198153476;	1.3369758141919788;	45.44828842969398
XGL6030-103;	1100;	397.85403838864653;	1.3206615138722213;	45.61866197495501
XGL6030-103;	1150;	433.14659144294654;	1.3066181793697265;	45.74540067698684
XGL6030-103;	1200;	468.50227966271575;	1.294403334290831;	45.836821993647696
XGL6030-103;	1250;	503.9098610271107;	1.2836822656365512;	45.899260387779094
XGL6030-103;	1300;	539.3606051041972;	1.2741971437361694;	45.93762426476418
XGL6030-103;	1350;	574.8476306768041;	1.2657461724200572;	45.955774940160815
XGL6030-103;	1400;	610.3654424448694;	1.2581691674310835;	45.95679048493398
XGL6030-103;	1450;	645.9095985984366;	1.2513373686408582;	45.94315598037416
XGL6030-103;	1500;	681.4764711547672;	1.2451461006128723;	45.91689833883844
XGL6030-103;	1550;	717.0630678334604;	1.2395093979767775;	45.879687780577726
XGL6030-103;	1600;	752.6668992084363;	1.2343560069477733;	45.83291177032385
XGL6030-103;	1650;	788.2858764496775;	1.2296263707305572;	45.77773470996218
XGL6030-103;	1700;	823.9182351701915;	1.225270324301508;	45.715138673737506
XGL6030-103;	1750;	859.5624742309658;	1.2212453152071807;	45.64595890029267
XGL6030-103;	1800;	895.2173094991241;	1.2175150122487681;	45.570908465796926
XGL6030-103;	1850;	930.8816338667056;	1.2140482112698596;	45.49060344535761
XGL6030-103;	1900;	966.5544900093213;	1.2108179599964384;	45.40557518241414
XGL6030-103;	1950;	1002.2350448152688;	1.2078008590639735;	45.316286167581474
