XGL6020-562;	50;	8.140646356644579;	1.0063172890126397;	41.77190082644628
XGL6020-562;	100;	16.281292713289155;	1.00631728901264;	41.77190082644628
XGL6020-562;	150;	24.42193906993374;	1.0063172890126395;	41.77190082644627
XGL6020-562;	200;	32.56258542657831;	1.00631728901264;	41.77190082644628
XGL6020-562;	250;	40.70323178322289;	1.0063172890126397;	41.77190082644627
XGL6020-562;	300;	48.84387813986744;	1.0063172890126402;	41.771900826446284
XGL6020-562;	350;	56.98452449651199;	1.0063172890126408;	41.771900826446306
XGL6020-562;	400;	65.12517085315656;	1.0063172890126406;	41.771900826446306
XGL6020-562;	450;	73.26581720980113;	1.0063172890126408;	41.7719008264463
XGL6020-562;	500;	81.40646356644577;	1.00631728901264;	41.77190082644627
XGL6020-562;	550;	85.66515155717846;	1.058355971385403;	42.00061649529861
XGL6020-562;	600;	90.07848262684182;	1.1015928586385593;	42.14189642789133
XGL6020-562;	650;	94.60823178428087;	1.1380564091934062;	42.21726300114965
XGL6020-562;	700;	99.22756045247499;	1.1692048743150476;	42.24181782631764
XGL6020-562;	750;	103.91715797540178;	1.1961106172157463;	42.22643191064819
XGL6020-562;	800;	108.66281741674702;	1.2195783777567188;	42.17911265775032
XGL6020-562;	850;	113.45387632595438;	1.2402230708599007;	42.10587884227968
XGL6020-562;	900;	118.28218860062763;	1.2585221991744517;	42.01133666579442
XGL6020-562;	950;	123.14143033466443;	1.2748519502394275;	41.899068579522165
XGL6020-562;	1000;	128.02662158958992;	1.2895125575786497;	41.77190082644626
XGL6020-562;	1050;	136.346009323952;	1.3009735585424922;	41.802546159889495
XGL6020-562;	1100;	144.67832889671493;	1.3109210724022957;	41.82606057181673
XGL6020-562;	1150;	153.0211235443406;	1.3196360190834961;	41.84379121755559
XGL6020-562;	1200;	161.3725207398512;	1.3273339123959835;	41.85676640451692
XGL6020-562;	1250;	169.7310685271515;	1.334182831853918;	41.86578455187432
XGL6020-562;	1300;	178.09562388726695;	1.340315782159224;	41.87147496052399
XGL6020-562;	1350;	186.46527479568638;	1.3458393825697708;	41.874340343822375
XGL6020-562;	1400;	194.83928473468882;	1.3508400965868965;	41.87478709478109
XGL6020-562;	1450;	203.21705254690667;	1.3553887768093833;	41.87314719863419
XGL6020-562;	1500;	211.59808255990484;	1.3595440349251915;	41.86969467627867
XGL6020-562;	1550;	219.98196257449084;	1.3633547738954237;	41.86465758442596
XGL6020-562;	1600;	228.36834701830912;	1.366862117454125;	41.85822720575758
XGL6020-562;	1650;	236.75694392104953;	1.3701008975297546;	41.85056533470271
XGL6020-562;	1700;	245.14750500211503;	1.3731008124328719;	41.841809608518126
XGL6020-562;	1750;	253.5398177730917;	1.3758873387790829;	41.832077901781
XGL6020-562;	1800;	261.93369928943366;	1.3784824557602757;	41.821471767021166
XGL6020-562;	1850;	270.3289912286991;	1.3809052250756715;	41.81007912346893
XGL6020-562;	1900;	278.7255558644824;	1.3831722594017624;	41.7979765019866
XGL6020-562;	1950;	287.1232728298582;	1.385298103344188;	41.78523081540439
