XGL6060-123;	50;	17.46668627678413;	1.0697650911688903;	26.18181818181818
XGL6060-123;	100;	34.93337255356826;	1.0697650911688905;	26.181818181818187
XGL6060-123;	150;	52.400058830352414;	1.06976509116889;	26.18181818181818
XGL6060-123;	200;	69.86674510713655;	1.0697650911688898;	26.181818181818176
XGL6060-123;	250;	87.33343138392063;	1.0697650911688907;	26.181818181818212
XGL6060-123;	300;	104.80012182508729;	1.0697650911688907;	26.18181818181821
XGL6060-123;	350;	116.21631767513027;	1.1303112143377598;	26.358419039702017
XGL6060-123;	400;	127.89577291117737;	1.1754422872507113;	26.386040880663153
XGL6060-123;	450;	139.74552562146442;	1.210351564173466;	26.317004145315448
XGL6060-123;	500;	151.711481675214;	1.2381452675927198;	26.181818181818198
XGL6060-123;	550;	168.42043789203686;	1.2606729248826676;	26.257272469035435
XGL6060-123;	600;	185.18554963473352;	1.2784690057634573;	26.301587146331116
XGL6060-123;	650;	201.99044060973762;	1.292880874700843;	26.32379698695537
XGL6060-123;	700;	218.82452742930207;	1.3047891718750708;	26.329754109378687
XGL6060-123;	750;	235.6806701056454;	1.3147936244623308;	26.323414234668018
XGL6060-123;	800;	252.55387852099;	1.323316703656712;	26.307546894534937
XGL6060-123;	850;	269.44056083001124;	1.3306645656872587;	26.28414856431114
XGL6060-123;	900;	286.3380662054911;	1.3370644826070455;	26.254694642978016
XGL6060-123;	950;	303.2443958333351;	1.3426886996598297;	26.22029897464733
XGL6060-123;	1000;	320.1580141889061;	1.34767013173357;	26.181818181818144
XGL6060-123;	1050;	342.7313642506767;	1.3344931506945144;	26.309931727949813
XGL6060-123;	1100;	365.35048801348324;	1.3226784946547423;	26.412358541712592
XGL6060-123;	1150;	388.0088890265511;	1.3120258019210485;	26.49278077401126
XGL6060-123;	1200;	410.7012391169704;	1.302372079625414;	26.554210872796492
XGL6060-123;	1250;	433.4231279693052;	1.2935833970560193;	26.599137111331583
XGL6060-123;	1300;	456.170874472716;	1.2855486960821094;	26.629632504917375
XGL6060-123;	1350;	478.94138298010216;	1.2781751157441428;	26.6474368985943
XGL6060-123;	1400;	501.73203072911843;	1.271384419372483;	26.65402306237267
XGL6060-123;	1450;	524.5405820754787;	1.2651102273056263;	26.650644190802034
XGL6060-123;	1500;	547.3651197011969;	1.2592958559732148;	26.638373669844675
XGL6060-123;	1550;	570.2039890488508;	1.2538926136602897;	26.618137618945443
XGL6060-123;	1600;	593.0557567092244;	1.2488584389968702;	26.59073643955197
XGL6060-123;	1650;	615.9191732428422;	1.2441568130697984;	26.55686786405222
XGL6060-123;	1700;	638.7931452737834;	1.2397558756769593;	26.51714183435055
XGL6060-123;	1750;	661.6767116878766;	1.2356277064413281;	26.472094269377518
XGL6060-123;	1800;	684.5690245362351;	1.2317477343103838;	26.422197505278618
XGL6060-123;	1850;	707.4693328402701;	1.228094250503808;	26.36786942566086
XGL6060-123;	1900;	730.3769684537723;	1.2246480046332684;	26.30948234936885
XGL6060-123;	1950;	753.2913365967563;	1.2213918647622914;	26.247366253874134
