XGL6060-682;	50;	12.239220352970266;	0.9537201430919698;	15.114049586776856
XGL6060-682;	100;	24.47844070594053;	0.9537201430919701;	15.11404958677686
XGL6060-682;	150;	36.7176610589108;	0.95372014309197;	15.114049586776858
XGL6060-682;	200;	48.95688141188106;	0.9537201430919702;	15.114049586776861
XGL6060-682;	250;	61.19610176485132;	0.95372014309197;	15.114049586776865
XGL6060-682;	300;	73.43532503587909;	0.9537201430919703;	15.11404958677687
XGL6060-682;	350;	77.56805693685932;	1.0251173289025723;	15.29808281350144
XGL6060-682;	400;	81.95969451394436;	1.0821932042137565;	15.333090612616385
XGL6060-682;	450;	86.53489324364658;	1.128794314468119;	15.262322968297024
XGL6060-682;	500;	91.24431343598103;	1.1675254575650797;	15.11404958677684
XGL6060-682;	550;	98.12421719371501;	1.1991967332829638;	15.210780500275378
XGL6060-682;	600;	105.07086244841575;	1.2253119653970892;	15.27037704975465
XGL6060-682;	650;	112.06747081021507;	1.2472095083935226;	15.30210775781516
XGL6060-682;	700;	119.10242025678954;	1.2658313907683316;	15.312406573634274
XGL6060-682;	750;	126.16741621778459;	1.2818594044180318;	15.305875306230188
XGL6060-682;	800;	133.256385616578;	1.2957989037412505;	15.285890340587239
XGL6060-682;	850;	140.36478282630867;	1.3080322702827303;	15.254983756334418
XGL6060-682;	900;	147.48913935031865;	1.3188540939628146;	15.215091273561047
XGL6060-682;	950;	154.6267636821497;	1.3284949529608177;	15.167717505728865
XGL6060-682;	1000;	161.77553574127697;	1.33713787631778;	15.114049586776847
XGL6060-682;	1050;	172.73964812956527;	1.3333301964356097;	15.118983238488333
XGL6060-682;	1100;	183.70564152581187;	1.329955027751124;	15.122870491090254
XGL6060-682;	1150;	194.67321552505058;	1.3269426498265675;	15.125878880794964
XGL6060-682;	1200;	205.6421304543861;	1.3242375610069024;	15.128141974789152
XGL6060-682;	1250;	216.61219272969717;	1.3217950301737278;	15.129767621972052
XGL6060-682;	1300;	227.58324432145164;	1.3195786051631437;	15.130843805795834
XGL6060-682;	1350;	238.55515494336558;	1.3175582823604737;	15.131443028636006
XGL6060-682;	1400;	249.5278162160285;	1.3157091412867252;	15.131625580744846
XGL6060-682;	1450;	260.5011372619949;	1.3140103119288618;	15.131441992596072
XGL6060-682;	1500;	271.475041289418;	1.312444184087404;	15.130934957134212
XGL6060-682;	1550;	282.44946297569635;	1.3109957948430002;	15.130140783592243
XGL6060-682;	1600;	293.4243464166952;	1.3096523491316507;	15.129090521579927
XGL6060-682;	1650;	304.3996434672134;	1.308402840953969;	15.127810918400302
XGL6060-682;	1700;	315.37531245484087;	1.307237751221553;	15.126325112262576
XGL6060-682;	1750;	326.3513171245388;	1.3061488048842158;	15.124653226627483
XGL6060-682;	1800;	337.3276257648553;	1.3051287741948376;	15.122812885614692
XGL6060-682;	1850;	348.3042105787686;	1.3041713179684238;	15.120819478525792
XGL6060-682;	1900;	359.28104700626767;	1.303270849918607;	15.118686668935599
XGL6060-682;	1950;	370.25811335655857;	1.302422429363109;	15.11642646759579
