XGL6060-153;	50;	19.57223892146624;	1.1972494454609695;	33.560330578512385
XGL6060-153;	100;	39.144477842932446;	1.1972494454609703;	33.5603305785124
XGL6060-153;	150;	58.716716764398676;	1.1972494454609703;	33.56033057851239
XGL6060-153;	200;	78.28895568586489;	1.1972494454609706;	33.560330578512406
XGL6060-153;	250;	97.86119460733113;	1.1972494454609703;	33.5603305785124
XGL6060-153;	300;	117.43343819518276;	1.1972494454609701;	33.560330578512385
XGL6060-153;	350;	134.99356746735296;	1.2549567072460164;	33.72951839341686
XGL6060-153;	400;	152.8184199897904;	1.2955347574303502;	33.75137888063378
XGL6060-153;	450;	170.801810127059;	1.3256068908655538;	33.68457114907454
XGL6060-153;	500;	188.8874718530473;	1.3487782824358194;	33.56033057851236
XGL6060-153;	550;	213.41667099455492;	1.3423106523285155;	33.56881310245755
XGL6060-153;	600;	237.95193246523394;	1.3371217533644169;	33.57392895786997
XGL6060-153;	650;	262.4916326837284;	1.3328665094834766;	33.576581668234226
XGL6060-153;	700;	287.03468020880206;	1.329313749108522;	33.577378045705565
XGL6060-153;	750;	311.5803142790634;	1.3263027934958123;	33.57674071280325
XGL6060-153;	800;	336.12798840887837;	1.323718491910527;	33.574973063276644
XGL6060-153;	850;	360.67729990821044;	1.3214761639330312;	33.57229854059561
XGL6060-153;	900;	385.22794552399097;	1.319512146753309;	33.56888533015796
XGL6060-153;	950;	409.7796925207547;	1.3177776557724297;	33.56486246715424
XGL6060-153;	1000;	434.33235932319155;	1.3162346783128798;	33.56033057851225
XGL6060-153;	1050;	469.15399302964005;	1.3101419969818802;	33.59204057798576
XGL6060-153;	1100;	503.988487936625;	1.3048365361722414;	33.6165697251522
XGL6060-153;	1150;	538.8335324546432;	1.3001750288779041;	33.63521274637057
XGL6060-153;	1200;	573.6873372846554;	1.2960469749245638;	33.64897098233131
XGL6060-153;	1250;	608.5484959539338;	1.2923657820147945;	33.658630855517686
XGL6060-153;	1300;	643.4158876671676;	1.2890626330425847;	33.66481858260025
XGL6060-153;	1350;	678.2886083050163;	1.2860821486467968;	33.668038991820325
XGL6060-153;	1400;	713.1659203217963;	1.283379260724249;	33.668703864430874
XGL6060-153;	1450;	748.04721650042;	1.2809169192246885;	33.66715171628098
XGL6060-153;	1500;	782.93199181538;	1.278664385899233;	33.66366438188848
XGL6060-153;	1550;	817.8198235442396;	1.2765959445150392;	33.65847712448282
XGL6060-153;	1600;	852.7103542855583;	1.2746899165253842;	33.651789399552
XGL6060-153;	1650;	887.6032805835724;	1.272927897872566;	33.6437700702249
XGL6060-153;	1700;	922.4983427142423;	1.271294163714196;	33.63456375592055
XGL6060-153;	1750;	957.3953171541608;	1.2697751979725505;	33.624294943687474
XGL6060-153;	1800;	992.2940106037515;	1.2683593186257247;	33.61307110957501
XGL6060-153;	1850;	1027.1942548539387;	1.2670363770117323;	33.60098591265813
XGL6060-153;	1900;	1062.095903010828;	1.2657975141217748;	33.588121054750964
XGL6060-153;	1950;	1096.9988261425688;	1.2646349621425725;	33.57454822536548
