XGL6060-182;	50;	2.9427374711957333;	0.9949422549549908;	4.522314049586777
XGL6060-182;	100;	5.88547494239147;	0.9949422549549901;	4.522314049586776
XGL6060-182;	150;	8.828212413587206;	0.9949422549549902;	4.522314049586777
XGL6060-182;	200;	11.770949884782937;	0.9949422549549908;	4.522314049586779
XGL6060-182;	250;	14.713687355978676;	0.9949422549549901;	4.522314049586777
XGL6060-182;	300;	17.656424827174416;	0.9949422549549897;	4.5223140495867735
XGL6060-182;	350;	20.59916229837015;	0.9949422549549901;	4.522314049586776
XGL6060-182;	400;	23.541899769565877;	0.9949422549549903;	4.52231404958678
XGL6060-182;	450;	26.484637240761625;	0.9949422549549898;	4.522314049586773
XGL6060-182;	500;	29.427374711957366;	0.9949422549549894;	4.522314049586767
XGL6060-182;	550;	30.042587252873584;	1.031087393522449;	4.573277044649303
XGL6060-182;	600;	30.68614624031409;	1.063712143559412;	4.608119981669499
XGL6060-182;	650;	31.353804828198378;	1.093292002386085;	4.6292502026702
XGL6060-182;	700;	32.04208627516401;	1.1202234468409737;	4.638634761849314
XGL6060-182;	750;	32.74812645785785;	1.1448389955596725;	4.637892504852257
XGL6060-182;	800;	33.46955064891791;	1.167419149239522;	4.628365251030701
XGL6060-182;	850;	34.204377235166156;	1.1882018730679984;	4.611172873668219
XGL6060-182;	900;	34.95094217590299;	1.2073901576926889;	4.587256301711742
XGL6060-182;	950;	35.707839631890124;	1.225158071825322;	4.557411113873172
XGL6060-182;	1000;	36.4738749916086;	1.24165563393435;	4.522314049586772
XGL6060-182;	1050;	37.6458328240678;	1.2634184472910484;	4.558327742422567
XGL6060-182;	1100;	38.83095275599131;	1.2831150977762538;	4.587139021381295
XGL6060-182;	1150;	40.027337420697876;	1.3010239039741307;	4.609771838551811
XGL6060-182;	1200;	41.23343255664704;	1.3173757964498907;	4.62706668437727
XGL6060-182;	1250;	42.44795382558805;	1.3323638973695637;	4.639719538781195
XGL6060-182;	1300;	43.66983128706549;	1.346150890332906;	4.648311532301063
XGL6060-182;	1350;	44.8981672434158;	1.3588747393785903;	4.65333090687394
XGL6060-182;	1400;	46.132202789535945;	1.3706531892708735;	4.655191628164432
XGL6060-182;	1450;	47.371292642073435;	1.3815873083167645;	4.654246093496761
XGL6060-182;	1500;	48.6148844703772;	1.3917643294106423;	4.650796779625505
XGL6060-182;	1550;	49.86250319144223;	1.401259921474395;	4.645104083453875
XGL6060-182;	1600;	51.11373775908407;	1.4101400394962198;	4.637393885093764
XGL6060-182;	1650;	52.36823095200243;	1.4184624255499203;	4.627862711506228
XGL6060-182;	1700;	53.625670774820556;	1.4262778454045317;	4.616682548007951
XGL6060-182;	1750;	54.88578373524475;	1.4336311042147363;	4.604004416567311
XGL6060-182;	1800;	56.148328841104075;	1.4405618982576875;	4.58996155989507
XGL6060-182;	1850;	57.4130931868347;	1.4471055160172277;	4.574671897866439
XGL6060-182;	1900;	58.67988790136641;	1.4532934334276124;	4.558240146589775
XGL6060-182;	1950;	59.94854483474149;	1.4591538140751055;	4.540759710296873
