XGL6060-333;	50;	54.00081282951676;	1.0348162906123504;	75.09421487603306
XGL6060-333;	100;	108.00162726838315;	1.0348162906123504;	75.09421487603308
XGL6060-333;	150;	145.71221370399505;	1.1875157069848867;	75.85270087909029
XGL6060-333;	200;	184.80178362229415;	1.2603714021707095;	75.83338567768511
XGL6060-333;	250;	224.38968311385793;	1.3029352590468886;	75.53085218381571
XGL6060-333;	300;	264.2122556662006;	1.3308295897368703;	75.09421487603305
XGL6060-333;	350;	313.34800973695434;	1.3358148265690697;	75.09730490739244
XGL6060-333;	400;	362.48852536906264;	1.3394201938925574;	75.09776305839279
XGL6060-333;	450;	411.6320524615169;	1.3421489344480257;	75.0965516636813
XGL6060-333;	500;	460.7776086679234;	1.3442861078606503;	75.09421487603309
XGL6060-333;	550;	530.5874908588872;	1.3311515322615397;	75.17646795231816
XGL6060-333;	600;	600.4582324598525;	1.3208545398807896;	75.22481978242666
XGL6060-333;	650;	670.3722766779435;	1.3125655327790775;	75.24908560098565
XGL6060-333;	700;	740.3182242047158;	1.3057494975108859;	75.25562616890504
XGL6060-333;	750;	810.2883516436106;	1.3000459410837841;	75.24874498169262
XGL6060-333;	800;	880.2772418799821;	1.295203108902551;	75.23145663235344
XGL6060-333;	850;	950.2809827603046;	1.2910398679522705;	75.20593629246652
XGL6060-333;	900;	1020.2966787883922;	1.2874225699101605;	75.17379247043552
XGL6060-333;	950;	1090.32214108769;	1.2842504500065686;	75.13624026962503
XGL6060-333;	1000;	1160.355684194304;	1.2814461008201898;	75.09421487603318
XGL6060-333;	1050;	1230.3959893716872;	1.2789490758149524;	75.0484475238972
XGL6060-333;	1100;	1300.4420099117708;	1.2767114857259076;	74.99951842369023
XGL6060-333;	1150;	1370.4929045710312;	1.2746948989247306;	74.947893613341
XGL6060-333;	1200;	1440.5479893880613;	1.272868116812187;	74.89395196093645
XGL6060-333;	1250;	1510.6067024937245;	1.2712055488304757;	74.83800474613838
XGL6060-333;	1300;	1580.6685784608776;	1.2696860064304423;	74.78030939209968
XGL6060-333;	1350;	1650.7332283040264;	1.2682917957479987;	74.72108086182936
XGL6060-333;	1400;	1720.8003235766757;	1.2670080260833732;	74.66050155501166
XGL6060-333;	1450;	1790.8695865304026;	1.2658220752379212;	74.59872456877483
XGL6060-333;	1500;	1860.9407793626544;	1.2647231740323897;	74.53588178871402
XGL6060-333;	1550;	1931.013698423915;	1.2637020778096661;	74.47208532456573
XGL6060-333;	1600;	2001.0881667572758;	1.2627508065518283;	74.40743382907743
XGL6060-333;	1650;	2071.1640321164487;	1.261862434861596;	74.34201049554595
XGL6060-333;	1700;	2141.2411605031994;	1.2610309242659516;	74.27588991046902
XGL6060-333;	1750;	2211.3194344099115;	1.2602509852574755;	74.20913754035111
XGL6060-333;	1800;	2281.3987523481424;	1.2595179639674003;	74.14180770882855
XGL6060-333;	1850;	2351.479021521011;	1.2588277511828434;	74.07395368921725
XGL6060-333;	1900;	2421.5601622390195;	1.2581767030566637;	74.00561836113286
XGL6060-333;	1950;	2491.6421023362877;	1.2575615782758613;	73.93684186923767
