XGL6030-122;	50;	2.826695111344277;	0.9002582417740401;	5.474380165289255
XGL6030-122;	100;	5.653390222688556;	0.9002582417740398;	5.474380165289254
XGL6030-122;	150;	8.480085334032832;	0.90025824177404;	5.474380165289256
XGL6030-122;	200;	11.306780445377107;	0.9002582417740405;	5.474380165289256
XGL6030-122;	250;	14.133475556721388;	0.90025824177404;	5.474380165289255
XGL6030-122;	300;	16.96017066806567;	0.9002582417740398;	5.474380165289254
XGL6030-122;	350;	19.786865779409947;	0.9002582417740399;	5.474380165289254
XGL6030-122;	400;	22.613560890754233;	0.9002582417740393;	5.474380165289249
XGL6030-122;	450;	25.440256002098497;	0.90025824177404;	5.474380165289255
XGL6030-122;	500;	28.266951113442765;	0.9002582417740402;	5.47438016528926
XGL6030-122;	550;	28.844149786145774;	0.9282050938958292;	5.506132154065239
XGL6030-122;	600;	29.43780077336761;	0.9538112681617906;	5.5282841234141795
XGL6030-122;	650;	30.04580734911998;	0.9773506450283;	5.54206653653932
XGL6030-122;	700;	30.66639719990212;	0.9990574280051107;	5.548516118740607
XGL6030-122;	750;	31.29806604926617;	1.0191327677668796;	5.54851061648213
XGL6030-122;	800;	31.939531266938268;	1.0377501876920356;	5.542797121287477
XGL6030-122;	850;	32.5896944842856;	1.0550600148523117;	5.532014512580008
XGL6030-122;	900;	33.24761082729203;	1.0711930264668863;	5.516711871258817
XGL6030-122;	950;	33.91246389095857;	1.0862634507620736;	5.497363345863572
XGL6030-122;	1000;	34.58354530753772;	1.100371446725351;	5.4743801652892685
XGL6030-122;	1050;	35.066513916523924;	1.1224694488121698;	5.516065518813308
XGL6030-122;	1100;	35.56228723110347;	1.1431617082678827;	5.550634118810033
XGL6030-122;	1150;	36.06958393279129;	1.1625746054904276;	5.5787906374483045
XGL6030-122;	1200;	36.58728096295716;	1.1808202974626578;	5.601152611086932
XGL6030-122;	1250;	37.11439096203164;	1.1979985861191493;	5.6182631179915115
XGL6030-122;	1300;	37.65004347925701;	1.2141985091119065;	5.630601040875151
XGL6030-122;	1350;	38.19346870158188;	1.2294997101010794;	5.638590237681563
XGL6030-122;	1400;	38.74398391525495;	1.2439736084688178;	5.642606876819536
XGL6030-122;	1450;	39.300981955575125;	1.257684405733371;	5.642985780307235
XGL6030-122;	1500;	39.86392127745322;	1.270689954657519;	5.640025931814901
XGL6030-122;	1550;	40.432317660270186;	1.2830425058795325;	5.633994908919294
XGL6030-122;	1600;	41.005736934640595;	1.2947893579155687;	5.6251329319527805
XGL6030-122;	1650;	41.583788889122346;	1.3059734180717373;	5.613656127022095
XGL6030-122;	1700;	42.166121882814295;	1.3166336933469098;	5.599759553929925
XGL6030-122;	1750;	42.75241843082016;	1.3268057138905769;	5.583619442520311
XGL6030-122;	1800;	43.34239104128735;	1.3365219098457997;	5.565395726682962
XGL6030-122;	1850;	43.9357790130073;	1.3458119338312102;	5.545233484313286
XGL6030-122;	1900;	44.53234529853725;	1.3547029507528852;	5.523264881356896
XGL6030-122;	1950;	45.13187400840955;	1.3632198885452376;	5.499610394413729
