XGL6020-103;	50;	17.215842062251706;	0.98006361230007;	80.21157024793388
XGL6020-103;	100;	34.431684124503406;	0.9800636123000701;	80.21157024793388
XGL6020-103;	150;	51.647526186755144;	0.9800636123000693;	80.21157024793386
XGL6020-103;	200;	68.86336824900678;	0.9800636123000703;	80.21157024793389
XGL6020-103;	250;	86.07921031125848;	0.9800636123000702;	80.21157024793388
XGL6020-103;	300;	103.29505647808679;	0.9800636123000701;	80.21157024793388
XGL6020-103;	350;	115.26030754006631;	1.0213592573731767;	80.29721606918002
XGL6020-103;	400;	127.34875366745453;	1.0527553011501283;	80.31165717387881
XGL6020-103;	450;	139.51974049045597;	1.0774192393107598;	80.27837019195552
XGL6020-103;	500;	151.7486452569201;	1.09730127309549;	80.21157024793388
XGL6020-103;	550;	163.13871273196415;	1.1578027260682104;	80.71567566151329
XGL6020-103;	600;	174.9106508848834;	1.20547779445958;	81.00746005772778
XGL6020-103;	650;	186.9486899500042;	1.2439795958206952;	81.15074203832903
XGL6020-103;	700;	199.17901389557565;	1.275705423591539;	81.1863139959714
XGL6020-103;	750;	211.55254299967044;	1.302289502624028;	81.1413828059474
XGL6020-103;	800;	224.03546305264425;	1.3248823686464852;	81.03475393173359
XGL6020-103;	850;	236.60376016947242;	1.344316603950202;	80.87982570976999
XGL6020-103;	900;	249.2399313848957;	1.3612091207545123;	80.68639369359242
XGL6020-103;	950;	261.93092918570505;	1.3760265040396915;	80.46178113563217
XGL6020-103;	1000;	274.66683484426585;	1.38912803428667;	80.21157024793389
XGL6020-103;	1050;	293.6440059148403;	1.3790246141609113;	80.27439801739845
XGL6020-103;	1100;	312.64411573234497;	1.3699913387797396;	80.32443752296201
XGL6020-103;	1150;	331.66380160688533;	1.3618669600209015;	80.36357905305562
XGL6020-103;	1200;	350.70032589784466;	1.3545210385342727;	80.39335849584582
XGL6020-103;	1250;	369.7514376931912;	1.3478469283652907;	80.41503630218496
XGL6020-103;	1300;	388.81526918822647;	1.3417565941770366;	80.42965698221833
XGL6020-103;	1350;	407.890257953025;	1.336176724250756;	80.43809282995916
XGL6020-103;	1400;	426.9750868936419;	1.3310457788613497;	80.44107835920205
XGL6020-103;	1450;	446.0686380295816;	1.3263117203486352;	80.43923634758194
XGL6020-103;	1500;	465.1699563161761;	1.32193024858541;	80.4330982456549
XGL6020-103;	1550;	484.2782210159012;	1.3178634154215918;	80.42312032498062
XGL6020-103;	1600;	503.3927230683037;	1.3140785260392347;	80.40969644661604
XGL6020-103;	1650;	522.5128464570056;	1.3105472614065032;	80.39316850382043
XGL6020-103;	1700;	541.6380536217459;	1.3072449699537727;	80.37383476104667
XGL6020-103;	1750;	560.767873493682;	1.3041500926749885;	80.35195618530061
XGL6020-103;	1800;	579.9018912378101;	1.3012436935893388;	80.32776268030396
XGL6020-103;	1850;	599.0397403649349;	1.2985090724157895;	80.30145709816631
XGL6020-103;	1900;	618.1810957789857;	1.29593144439542;	80.27321933255915
XGL6020-103;	1950;	637.3256681033376;	1.29349767341974;	80.24320943825175
