XGL6030-123;	50;	20.594491698303763;	0.9625435150587601;	54.74380165289255
XGL6030-123;	100;	41.18898339660751;	0.9625435150587606;	54.743801652892564
XGL6030-123;	150;	61.78347509491133;	0.9625435150587597;	54.743801652892536
XGL6030-123;	200;	82.37796679321505;	0.9625435150587601;	54.74380165289256
XGL6030-123;	250;	102.9724584915188;	0.9625435150587603;	54.74380165289257
XGL6030-123;	300;	123.56695509993207;	0.9625435150587597;	54.74380165289253
XGL6030-123;	350;	132.6262630792662;	1.0548958023634734;	55.21762536778903
XGL6030-123;	400;	142.3841601609905;	1.1243075948566323;	55.29174140815824
XGL6030-123;	450;	152.594508302811;	1.178268171571251;	55.10635258654509
XGL6030-123;	500;	163.11266213149997;	1.2213686918872095;	54.743801652892515
XGL6030-123;	550;	181.65098210977692;	1.2596443390960446;	54.95741919812018
XGL6030-123;	600;	200.3580326171691;	1.288965457606856;	55.07781802134289
XGL6030-123;	650;	219.17906173169214;	1.3121381465677762;	55.13502542672432
XGL6030-123;	700;	238.08061797935562;	1.3309092582601698;	55.14745221312321
XGL6030-123;	750;	257.0411390023543;	1.346422223664395;	55.12700373417884
XGL6030-123;	800;	276.0461130558991;	1.359456516015906;	55.08171488172081
XGL6030-123;	850;	295.0854202377652;	1.3705616144286659;	55.0172031063906
XGL6030-123;	900;	314.1517908745029;	1.3801359174044088;	54.93751258332845
XGL6030-123;	950;	333.23986955088714;	1.388475282395495;	54.84562832793527
XGL6030-123;	1000;	352.3456245759911;	1.395803996867389;	54.74380165289237
XGL6030-123;	1050;	386.6565967809979;	1.3780102776908951;	54.963208572103916
XGL6030-123;	1100;	421.0584511906467;	1.3626597242938643;	55.131731303239704
XGL6030-123;	1150;	455.53431007602927;	1.3492825290025454;	55.258919558934295
XGL6030-123;	1200;	490.071215402709;	1.3375218675590264;	55.35208006164012
XGL6030-123;	1250;	524.6590571594668;	1.327101914116437;	55.41689719378313
XGL6030-123;	1300;	559.2898342211869;	1.3178061245899266;	55.45785843510771
XGL6030-123;	1350;	593.9571331469621;	1.3094621431591444;	55.478553289546284
XGL6030-123;	1400;	628.6557539055939;	1.3019310914719797;	55.481886818164455
XGL6030-123;	1450;	663.3814364307029;	1.2950998259132538;	55.470235441792795
XGL6030-123;	1500;	698.1306589832158;	1.2888752452995533;	55.44555974142061
XGL6030-123;	1550;	732.9004828511341;	1.2831800480639524;	55.40949554597124
XGL6030-123;	1600;	767.6884392311041;	1.2779495170398407;	55.363413989785386
XGL6030-123;	1650;	802.492436953734;	1.2731290632105812;	55.308476594767974
XGL6030-123;	1700;	837.310695151673;	1.2686723182808217;	55.24567024929659
XGL6030-123;	1750;	872.1416860096161;	1.2645396463670444;	55.17584182848494
XGL6030-123;	1800;	906.9840917170669;	1.260696965309514;	55.09972174974651
XGL6030-123;	1850;	941.836771101715;	1.2571148061643842;	55.017940812944296
XGL6030-123;	1900;	976.698729152772;	1.2537675603997485;	54.931049678669645
XGL6030-123;	1950;	1011.5690956899298;	1.2506328669731617;	54.839529052976964
