XGL6060-183;	50;	26.786731975555135;	1.050809246614841;	40.34380165289256
XGL6060-183;	100;	53.573464749417134;	1.0508092466148402;	40.343801652892544
XGL6060-183;	150;	74.89323822239598;	1.1118012689611776;	40.41214694560994
XGL6060-183;	200;	96.33241888185792;	1.143027456952662;	40.41240014484517
XGL6060-183;	250;	117.81991727452306;	1.1619955202639658;	40.38504829258693
XGL6060-183;	300;	139.33171150052388;	1.1747373502784597;	40.34380165289251
XGL6060-183;	350;	157.40601501443544;	1.2617812409403835;	40.77952896098285
XGL6060-183;	400;	176.17187970215463;	1.3220550525827641;	40.83136438697113
XGL6060-183;	450;	195.33905674928417;	1.3662056306085903;	40.658708905134624
XGL6060-183;	500;	214.75886534877512;	1.3999171319125798;	40.34380165289258
XGL6060-183;	550;	244.94333918802826;	1.3796119260260362;	40.442990956875654
XGL6060-183;	600;	275.19738111352837;	1.3632243346611368;	40.50345840215504
XGL6060-183;	650;	305.5031015180361;	1.3497215262514108;	40.535236813012055
XGL6060-183;	700;	335.84824936612677;	1.3384040819468166;	40.54517258545167
XGL6060-183;	750;	366.22415615594974;	1.3287816041119267;	40.53809679552951
XGL6060-183;	800;	396.6245178938248;	1.320500111660496;	40.51751430994216
XGL6060-183;	850;	427.0446406443112;	1.3132977186724102;	40.48603050026988
XGL6060-183;	900;	457.4809584256272;	1.3069765274082146;	40.445621262044746
XGL6060-183;	950;	487.93071364854944;	1.301384219784185;	40.39781264963707
XGL6060-183;	1000;	518.3917407353553;	1.2964016546210104;	40.34380165289263
XGL6060-183;	1050;	548.8623152164944;	1.291934305079275;	40.284540575011086
XGL6060-183;	1100;	579.3410471528978;	1.287906216096369;	40.220796266339484
XGL6060-183;	1150;	609.8268037196768;	1.2842556585538212;	40.153193255137055
XGL6060-183;	1200;	640.3186524577146;	1.2809319486200912;	40.08224525730443
XGL6060-183;	1250;	670.8158189216828;	1.2778930837247928;	40.00837855134757
XGL6060-183;	1300;	701.3176541023706;	1.2751039612113437;	39.93195076277753
XGL6060-183;	1350;	731.8236114191764;	1.2725350161227267;	39.85326162125046
XGL6060-183;	1400;	762.3332246712998;	1.2701611738087997;	39.77256883038783
XGL6060-183;	1450;	792.8460973850691;	1.2679610248519388;	39.69008888555372
XGL6060-183;	1500;	823.3618876304264;	1.2659161820358475;	39.606009544906
XGL6060-183;	1550;	853.8802979805555;	1.2640107661279625;	39.520496022958255
XGL6060-183;	1600;	884.4010737241628;	1.2622309874568254;	39.4336853163595
XGL6060-183;	1650;	914.9239879177019;	1.2605648203987037;	39.34570479803355
XGL6060-183;	1700;	945.4488456221287;	1.2590017228772037;	39.25665891235961
XGL6060-183;	1750;	975.9754714264618;	1.2575324207844765;	39.16664615026819
XGL6060-183;	1800;	1006.5037130223973;	1.256148717872476;	39.075748570890084
XGL6060-183;	1850;	1037.033433400308;	1.2548433470970577;	38.98404229993695
XGL6060-183;	1900;	1067.5645124484047;	1.2536098398457725;	38.89159169327881
XGL6060-183;	1950;	1098.0968411176532;	1.2524424218238663;	38.798457274139835
