XGL6060-472;	50;	6.781725552907919;	1.0816298651150396;	10.829752066115699
XGL6060-472;	100;	13.563451105815831;	1.0816298651150402;	10.829752066115704
XGL6060-472;	150;	20.345176658723755;	1.0816298651150398;	10.829752066115699
XGL6060-472;	200;	27.12690221163168;	1.0816298651150393;	10.829752066115695
XGL6060-472;	250;	33.90862776453959;	1.0816298651150398;	10.829752066115695
XGL6060-472;	300;	40.69035331744749;	1.0816298651150402;	10.829752066115704
XGL6060-472;	350;	47.47207887035542;	1.08162986511504;	10.829752066115706
XGL6060-472;	400;	54.25380442326333;	1.0816298651150398;	10.8297520661157
XGL6060-472;	450;	61.03552997617128;	1.0816298651150393;	10.829752066115683
XGL6060-472;	500;	67.81725552907919;	1.0816298651150396;	10.82975206611569
XGL6060-472;	550;	70.75123996949222;	1.1300684381902002;	11.003104927318839
XGL6060-472;	600;	73.79894645258427;	1.171181308419769;	11.113011621546585
XGL6060-472;	650;	76.93478118201111;	1.2064887034217426;	11.173621611450296
XGL6060-472;	700;	80.14013088410965;	1.237123915414137;	11.195235122220106
XGL6060-472;	750;	83.40118701305167;	1.263947029751436;	11.18550686609361
XGL6060-472;	800;	86.7075171464898;	1.287621478961479;	11.150232664062084
XGL6060-472;	850;	90.05110721529029;	1.3086665957385915;	11.093875563412896
XGL6060-472;	900;	93.42570838610553;	1.327494351268793;	11.019924550359356
XGL6060-472;	950;	96.8263814183741;	1.344435516577723;	10.93114406148692
XGL6060-472;	1000;	100.24917390830298;	1.359758588965131;	10.829752066115756
XGL6060-472;	1050;	107.1216273014496;	1.3628333895537297;	10.831585895436723
XGL6060-472;	1100;	113.99482683104318;	1.3655232748265822;	10.83300807490169
XGL6060-472;	1150;	120.86863975637117;	1.3678962591483095;	10.834091694558627
XGL6060-472;	1200;	127.74296304242607;	1.3700052253451735;	10.834893522115873
XGL6060-472;	1250;	134.61771551126122;	1.3718919105401461;	10.835458302222037
XGL6060-472;	1300;	141.4928323340324;	1.3735896954230693;	10.835821778600312
XGL6060-472;	1350;	148.36826110761118;	1.375125595838149;	10.836012859238393
XGL6060-472;	1400;	155.24395902095762;	1.3765217106591494;	10.836055166076402
XGL6060-472;	1450;	162.11989074975975;	1.377796291728418;	10.835968197993788
XGL6060-472;	1500;	168.99602689366185;	1.3789645460049502;	10.835768187283099
XGL6060-472;	1550;	175.872342783435;	1.3800392450840349;	10.83546875685359
XGL6060-472;	1600;	182.748817566665;	1.3810311939344042;	10.835081422712824
XGL6060-472;	1650;	189.6254334944805;	1.3819495954025074;	10.834615992062801
XGL6060-472;	1700;	196.50217536068985;	1.3828023365520254;	10.834080876143204
XGL6060-472;	1750;	203.37903007887743;	1.3835962156282648;	10.83348329895084
XGL6060-472;	1800;	210.25598630563337;	1.3843371237590687;	10.832829537014607
XGL6060-472;	1850;	217.13303417648993;	1.3850301912993788;	10.832125038196173
XGL6060-472;	1900;	224.01016505663335;	1.3856799068561898;	10.831374583346868
XGL6060-472;	1950;	230.88737136910308;	1.3862902145338545;	10.830582359816457
