XGL6030-182;	50;	2.012440742972485;	1.1857049341696904;	8.925619834710742
XGL6030-182;	100;	4.024881485944973;	1.1857049341696897;	8.925619834710742
XGL6030-182;	150;	6.037322228917457;	1.1857049341696901;	8.925619834710742
XGL6030-182;	200;	8.049762971889946;	1.1857049341696897;	8.925619834710742
XGL6030-182;	250;	10.062203714862433;	1.1857049341696897;	8.925619834710742
XGL6030-182;	300;	12.074644457834914;	1.18570493416969;	8.925619834710742
XGL6030-182;	350;	14.087085200807389;	1.1857049341696908;	8.92561983471075
XGL6030-182;	400;	16.099525943779888;	1.18570493416969;	8.92561983471074
XGL6030-182;	450;	18.11196668675237;	1.18570493416969;	8.925619834710744
XGL6030-182;	500;	20.124407429724865;	1.1857049341696897;	8.92561983471074
XGL6030-182;	550;	22.781174467024815;	1.17992229080453;	8.92634115808325
XGL6030-182;	600;	25.438451995585183;	1.1753044148428997;	8.92677373421017
XGL6030-182;	650;	28.096100717478084;	1.1715316185409055;	8.926996430323785
XGL6030-182;	700;	30.7540277844782;	1.1683913897746994;	8.927061789232912
XGL6030-182;	750;	33.41216892401304;	1.16573695492007;	8.927006170956128
XGL6030-182;	800;	36.070478237464386;	1.163463685398931;	8.926855531759088
XGL6030-182;	850;	38.728922068459106;	1.1614949846541462;	8.926628901114027
XGL6030-182;	900;	41.387475185160845;	1.1597734897767242;	8.926340540196874
XGL6030-182;	950;	44.0461182864003;	1.1582553916294973;	8.926001358696292
XGL6030-182;	1000;	46.70483636775726;	1.1569066548477298;	8.925619834710742
XGL6030-182;	1050;	47.8308530306732;	1.1837904888772683;	8.996723653290745
XGL6030-182;	1100;	48.98215971385119;	1.208281651281177;	9.053916022564522
XGL6030-182;	1150;	50.15528728767964;	1.2306805352295123;	9.099080418006867
XGL6030-182;	1200;	51.34735713210965;	1.2512402013786017;	9.133781434988824
XGL6030-182;	1250;	52.555964083088696;	1.2701751535195327;	9.15932808615205
XGL6030-182;	1300;	53.77908525010241;	1.287668278771614;	9.176823180615147
XGL6030-182;	1350;	55.01500878325825;	1.30387636886981;	9.187201415106038
XGL6030-182;	1400;	56.262277293522914;	1.3189345496532954;	9.191260004851319
XGL6030-182;	1450;	57.519643077805846;	1.3329598498591777;	9.189682816112766
XGL6030-182;	1500;	58.78603245184171;	1.346054095220729;	9.183059285010478
XGL6030-182;	1550;	60.06051673267574;	1.3583062753109822;	9.171900253057183
XGL6030-182;	1600;	61.34228892033205;	1.369794484168691;	9.15665046628534
XGL6030-182;	1650;	62.63064469888493;	1.380587522782616;	9.137698701686055
XGL6030-182;	1700;	63.92496666815684;	1.3907462317575336;	9.115386477937871
XGL6030-182;	1750;	65.22471159888936;	1.4003245999585758;	9.090014728198641
XGL6030-182;	1800;	66.52939963602302;	1.4093706970708304;	9.061849780840257
XGL6030-182;	1850;	67.83860543778282;	1.4179274573899798;	9.031128113361204
XGL6030-182;	1900;	69.15195074978283;	1.42603334320144;	8.998060319250147
XGL6030-182;	1950;	70.46909804640602;	1.4337229098241828;	8.96283465273015
