XGL6020-822;	50;	13.350930779030401;	1.0187195120153796;	58.314049586776854
XGL6020-822;	100;	26.701861558060816;	1.018719512015379;	58.31404958677684
XGL6020-822;	150;	40.0527923370912;	1.0187195120153796;	58.314049586776854
XGL6020-822;	200;	53.403723116121576;	1.01871951201538;	58.314049586776854
XGL6020-822;	250;	66.75465389515193;	1.0187195120153805;	58.314049586776875
XGL6020-822;	300;	80.10558785729232;	1.0187195120153796;	58.314049586776854
XGL6020-822;	350;	93.28001552226347;	1.0192676882381146;	58.314061771142235
XGL6020-822;	400;	106.45446380434736;	1.0196798298487568;	58.314063816078516
XGL6020-822;	450;	119.62892377337572;	1.0200009844897586;	58.31405908035774
XGL6020-822;	500;	132.80339194289496;	1.02025828718062;	58.314049586776875
XGL6020-822;	550;	140.30408727134528;	1.0878135202099541;	58.88128463898465
XGL6020-822;	600;	148.21759629757838;	1.142169602523397;	59.2170225676967
XGL6020-822;	650;	156.42680248412182;	1.186794093464353;	59.38651527208586
XGL6020-822;	700;	164.85416606690242;	1.2240555001199886;	59.43297113368551
XGL6020-822;	750;	173.44664917398208;	1.2556201859863594;	59.385994483590494
XGL6020-822;	800;	182.16689534914;	1.2826916037427762;	59.26648755026706
XGL6020-822;	850;	190.98790698298086;	1.306159106372265;	59.08959692400393
XGL6020-822;	900;	199.88972144789125;	1.3266933826443377;	58.866555629485426
XGL6020-822;	950;	208.85728188826195;	1.3448093318441914;	58.60585925612693
XGL6020-822;	1000;	217.87902726943648;	1.36090857692859;	58.31404958677684
XGL6020-822;	1050;	233.07732085101378;	1.3577541102178494;	58.31850263964381
XGL6020-822;	1100;	248.27734899960774;	1.354970824532828;	58.321993391452786
XGL6020-822;	1150;	263.4788247700248;	1.352496852310932;	58.324681371273556
XGL6020-822;	1200;	278.6815211855179;	1.3502833503400689;	58.32669270083331
XGL6020-822;	1250;	293.8852563589099;	1.3482912440150905;	58.32812839814328
XGL6020-822;	1300;	309.08988282377146;	1.3464889016784234;	58.32907032942955
XGL6020-822;	1350;	324.29527976593727;	1.3448504431100163;	58.32958553391318
XGL6020-822;	1400;	339.5013472511915;	1.3433544892786595;	58.3297294568033
XGL6020-822;	1450;	354.70800192258656;	1.3419832245420384;	58.32954831457311
XGL6020-822;	1500;	369.9151736742553;	1.340721684029258;	58.329080984237436
XGL6020-822;	1550;	385.1228031458281;	1.339557205331316;	58.32836035797593
XGL6020-822;	1600;	400.3308397142758;	1.3384790021655246;	58.3274144964222
XGL6020-822;	1650;	415.5392399680021;	1.33747782927839;	58.32626744069781
XGL6020-822;	1700;	430.7479664459254;	1.3365457167831372;	58.32493994653754
XGL6020-822;	1750;	445.9569866632937;	1.3356757575577176;	58.323450003754225
XGL6020-822;	1800;	461.16627231415185;	1.3348619358162048;	58.32181328056369
XGL6020-822;	1850;	476.3757986098026;	1.33409898784751;	58.32004350298487
XGL6020-822;	1900;	491.5855437500385;	1.3333822880553496;	58.318152738883825
XGL6020-822;	1950;	506.7954885201045;	1.3327077550261248;	58.31615161650516
