XGL6030-152;	50;	2.321294757707807;	1.0637808397917996;	7.378512396694213
XGL6030-152;	100;	4.642589515415611;	1.0637808397918003;	7.378512396694214
XGL6030-152;	150;	6.963884273123418;	1.0637808397918;	7.378512396694214
XGL6030-152;	200;	9.285179030831221;	1.0637808397918003;	7.378512396694215
XGL6030-152;	250;	11.606473788539027;	1.0637808397918003;	7.378512396694215
XGL6030-152;	300;	13.927768546246831;	1.0637808397918003;	7.378512396694215
XGL6030-152;	350;	16.249063303954642;	1.0637808397918003;	7.378512396694214
XGL6030-152;	400;	18.57035806166245;	1.0637808397917998;	7.378512396694212
XGL6030-152;	450;	20.891652819370254;	1.0637808397918;	7.378512396694216
XGL6030-152;	500;	23.212947577078058;	1.0637808397918;	7.378512396694212
XGL6030-152;	550;	25.236217769813724;	1.0742705308713034;	7.381486153939239
XGL6030-152;	600;	27.26140666582637;	1.0830498861725595;	7.383362467032472
XGL6030-152;	650;	29.288074863607104;	1.0905054206643727;	7.384392411572716
XGL6030-152;	700;	31.31590747651514;	1.0969154082460653;	7.384755962701944
XGL6030-152;	750;	33.344672987136654;	1.1024852741036921;	7.384585479845331
XGL6030-152;	800;	35.374197393005595;	1.107369958698836;	7.3839804650731695
XGL6030-152;	850;	37.4043474015854;	1.111688522974855;	7.383017159894687
XGL6030-152;	900;	39.43501919069125;	1.1155339622514056;	7.3817549625497465
XGL6030-152;	950;	41.46613069357106;	1.1189799670387566;	7.380240835899114
XGL6030-152;	1000;	43.49761618848686;	1.12208568383965;	7.378512396694218
XGL6030-152;	1050;	44.26793828022723;	1.1484073287472139;	7.446239994395375
XGL6030-152;	1100;	45.060855172763375;	1.1727034448324136;	7.501488935274441
XGL6030-152;	1150;	45.87365213441269;	1.1951935898237758;	7.545740168027157
XGL6030-152;	1200;	46.70401671577609;	1.2160675698103363;	7.580255641804729
XGL6030-152;	1250;	47.54997007404875;	1.2354901461150216;	7.606115991379406
XGL6030-152;	1300;	48.40981112887796;	1.2536049139682386;	7.624251104069586
XGL6030-152;	1350;	49.28207096220801;	1.2705375100498792;	7.635464987607355
XGL6030-152;	1400;	50.165476016434084;	1.2863982644204632;	7.640455403603115
XGL6030-152;	1450;	51.05891691877333;	1.301284424522723;	7.639831451025467
XGL6030-152;	1500;	51.96142405291224;	1.3152819926914958;	7.634126014758072
XGL6030-152;	1550;	52.872146449548204;	1.3284672825791464;	7.623807537207354
XGL6030-152;	1600;	53.79033449406925;	1.3409082255940028;	7.6092894182771245
XGL6030-152;	1650;	54.71532554532474;	1.3526654748201423;	7.590937670764977
XGL6030-152;	1700;	55.64653221083228;	1.363793336062272;	7.569077284061747
XGL6030-152;	1750;	56.58343148730456;	1.374340577998329;	7.543998102943696
XGL6030-152;	1800;	57.52555690573244;	1.3843511019738806;	7.515959068454033
XGL6030-152;	1850;	58.47249091566993;	1.3938645330347315;	7.485192345004401
XGL6030-152;	1900;	59.42385877475507;	1.40291672220557;	7.451906620701238
XGL6030-152;	1950;	60.37932325976066;	1.4115401813600814;	7.416289983008885
