XGL6060-222;	50;	3.5212870520444928;	1.0070654675047304;	5.1173553719008265
XGL6060-222;	100;	7.04257410408899;	1.0070654675047297;	5.117355371900825
XGL6060-222;	150;	10.563861156133484;	1.00706546750473;	5.117355371900826
XGL6060-222;	200;	14.085148208177978;	1.0070654675047297;	5.1173553719008265
XGL6060-222;	250;	17.60643526022247;	1.0070654675047301;	5.1173553719008265
XGL6060-222;	300;	21.127722312266965;	1.00706546750473;	5.117355371900826
XGL6060-222;	350;	24.64900936431146;	1.0070654675047301;	5.117355371900827
XGL6060-222;	400;	28.170296416355963;	1.0070654675047297;	5.117355371900825
XGL6060-222;	450;	31.69158346840043;	1.0070654675047306;	5.117355371900836
XGL6060-222;	500;	35.21287052044493;	1.0070654675047304;	5.117355371900834
XGL6060-222;	550;	35.91048890209364;	1.0450248410064507;	5.1839581267715324
XGL6060-222;	600;	36.64543119108611;	1.0792517729264164;	5.229411961065394
XGL6060-222;	650;	37.412031011958476;	1.1102540433548718;	5.256912844455147
XGL6060-222;	700;	38.20566040393564;	1.138454678365169;	5.2690664302561965
XGL6060-222;	750;	39.022515782392794;	1.1642081144479173;	5.268012636568857
XGL6060-222;	800;	39.8594509683897;	1.187813024392369;	5.255521246318127
XGL6060-222;	850;	40.713846448584775;	1.2095225195461847;	5.233066436137014
XGL6060-222;	900;	41.58350723729833;	1.2295522799507101;	5.20188450878399
XGL6060-222;	950;	42.46658280905608;	1.2480870598268115;	5.163018804510508
XGL6060-222;	1000;	43.36150370445247;	1.265285924441191;	5.117355371900852
XGL6060-222;	1050;	45.04328456626078;	1.2846360087720758;	5.150316290278745
XGL6060-222;	1100;	46.73748978107334;	1.3020057681712698;	5.1764742956659155
XGL6060-222;	1150;	48.442213735330235;	1.317682684793488;	5.196860171053709
XGL6060-222;	1200;	50.15591817557363;	1.3319014779793432;	5.212307759206306
XGL6060-222;	1250;	51.87734850365066;	1.3448556095518744;	5.223498560937005
XGL6060-222;	1300;	53.605471769265066;	1.3567059215352304;	5.230994834081974
XGL6060-222;	1350;	55.33943012832652;	1.3675872020703377;	5.2352644221452405
XGL6060-222;	1400;	57.07850549934243;	1.377613233576798;	5.236699663456404
XGL6060-222;	1450;	58.822092353768035;	1.3868807164592791;	5.235632003952125
XGL6060-222;	1500;	60.56967656486301;	1.395472348527527;	5.2323434007858
XGL6060-222;	1550;	62.320818929312445;	1.4034592622774928;	5.2270750933639345
XGL6060-222;	1600;	64.0751420795746;	1.4109029723572764;	5.220034642505004
XGL6060-222;	1650;	65.83231995047473;	1.4178569445809501;	5.211401690593077
XGL6060-222;	1700;	67.59206938860362;	1.4243678672591047;	5.201332505812549
XGL6060-222;	1750;	69.35414340515831;	1.4304766889738698;	5.1899635165192555
XGL6060-222;	1800;	71.11832554000306;	1.4362194731822697;	5.177414482554401
XGL6060-222;	1850;	72.88442531426672;	1.4416281040235865;	5.163790911134267
XGL6060-222;	1900;	74.6522744350721;	1.4467308737651297;	5.149186185309557
XGL6060-222;	1950;	76.42172374793658;	1.4515529729963637;	5.133683071436732
