XGL6030-102;	50;	1.7609995816391326;	1.0579621515396198;	4.998347107438016
XGL6030-102;	100;	3.5219991632782683;	1.0579621515396191;	4.998347107438015
XGL6030-102;	150;	5.2829987449174;	1.0579621515396198;	4.998347107438016
XGL6030-102;	200;	7.043998326556531;	1.0579621515396198;	4.998347107438017
XGL6030-102;	250;	8.804997908195665;	1.0579621515396198;	4.998347107438016
XGL6030-102;	300;	10.565997489834796;	1.0579621515396198;	4.998347107438017
XGL6030-102;	350;	12.326997071473935;	1.0579621515396196;	4.998347107438013
XGL6030-102;	400;	14.087996653113072;	1.0579621515396194;	4.998347107438011
XGL6030-102;	450;	15.848996234752207;	1.0579621515396191;	4.99834710743801
XGL6030-102;	500;	17.609995816391333;	1.0579621515396196;	4.998347107438014
XGL6030-102;	550;	19.370995398030466;	1.0579621515396198;	4.998347107438015
XGL6030-102;	600;	21.1319949796696;	1.0579621515396198;	4.998347107438017
XGL6030-102;	650;	22.89299456130874;	1.0579621515396196;	4.998347107438012
XGL6030-102;	700;	24.653994142947862;	1.0579621515396198;	4.998347107438015
XGL6030-102;	750;	26.414993724586992;	1.05796215153962;	4.998347107438022
XGL6030-102;	800;	28.175993306226136;	1.0579621515396194;	4.998347107438015
XGL6030-102;	850;	29.936992887865276;	1.0579621515396194;	4.998347107438009
XGL6030-102;	900;	31.69799246950439;	1.05796215153962;	4.99834710743802
XGL6030-102;	950;	33.45899205114353;	1.0579621515396196;	4.998347107438013
XGL6030-102;	1000;	35.21999163278263;	1.0579621515396207;	4.998347107438031
XGL6030-102;	1050;	35.59775292458934;	1.0784722435781986;	5.037192587924399
XGL6030-102;	1100;	35.986767527500476;	1.0978522194722866;	5.0697319613799925
XGL6030-102;	1150;	36.38605445884955;	1.1161898158281884;	5.0965109342218735
XGL6030-102;	1200;	36.794737425798196;	1.1335642977215579;	5.11801652295444
XGL6030-102;	1250;	37.21203201509242;	1.150047403899423;	5.134684547058137
XGL6030-102;	1300;	37.63723504851055;	1.1657041663636722;	5.1469055156732475
XGL6030-102;	1350;	38.069714484595835;	1.1805936512240165;	5.155030498456581
XGL6030-102;	1400;	38.508901437475224;	1.1947695910342135;	5.159375531312879
XGL6030-102;	1450;	38.95428270691065;	1.2082809544988868;	5.160225791938964
XGL6030-102;	1500;	39.405394416227395;	1.221172444688618;	5.1578391909691135
XGL6030-102;	1550;	39.861816406228805;	1.2334849400288805;	5.152449522757562
XGL6030-102;	1600;	40.3231675439881;	1.2452558796827802;	5.1442688899750735
XGL6030-102;	1650;	40.78910122772483;	1.256519612552531;	5.133490447295947
XGL6030-102;	1700;	41.25930182873868;	1.267307698730604;	5.1202901821452365
XGL6030-102;	1750;	41.73348135224518;	1.277649181487628;	5.104828816752593
XGL6030-102;	1800;	42.21137655207901;	1.2875708279013014;	5.087253423483162
XGL6030-102;	1850;	42.69274646419388;	1.2970973417867477;	5.067698675198534
XGL6030-102;	1900;	43.17736999170206;	1.3062515580211678;	5.046288398258368
XGL6030-102;	1950;	43.665044129937826;	1.3150546093306652;	5.0231362894775895
