XXL6060-223;	50;	41.24118803408219;	0.9802491102890295;	50.697520661157014
XXL6060-223;	100;	82.48237729724754;	0.9802491102890298;	50.697520661157014
XXL6060-223;	150;	121.78034957015173;	1.0785660942488051;	50.94356966782773
XXL6060-223;	200;	161.5235188299738;	1.1227605992016636;	50.933835662587214
XXL6060-223;	250;	201.41973628630979;	1.1478544586661523;	50.83599548392816
XXL6060-223;	300;	241.38644206788678;	1.1640258169669195;	50.69752066115698
XXL6060-223;	350;	301.4622329948159;	1.1617174110103272;	50.698095184345696
XXL6060-223;	400;	361.5389378518471;	1.1601708034793956;	50.69816042269924
XXL6060-223;	450;	421.6161604655159;	1.1590623041457448;	50.69793258279177
XXL6060-223;	500;	481.69370830656436;	1.1582288537570196;	50.69752066115697
XXL6060-223;	550;	592.8544259841078;	1.146953673731461;	50.74845616815203
XXL6060-223;	600;	704.0591106251044;	1.1391052410404459;	50.774390667279384
XXL6060-223;	650;	815.2904637033256;	1.133327591246413;	50.78516852391126
XXL6060-223;	700;	926.539207954033;	1.1288967485811123;	50.78606583343591
XXL6060-223;	750;	1037.7999214625079;	1.1253909757818124;	50.78016480832163
XXL6060-223;	800;	1149.0692237997644;	1.1225479673302585;	50.769386410777784
XXL6060-223;	850;	1260.3448978308234;	1.1201960194378864;	50.75499021947878
XXL6060-223;	900;	1371.625429110165;	1.1182180228216323;	50.73783650271074
XXL6060-223;	950;	1482.9097477024975;	1.1165313629483629;	50.718532903230816
XXL6060-223;	1000;	1594.1970765317137;	1.1150760906581003;	50.69752066115735
XXL6060-223;	1050;	1705.486837446984;	1.1138076485333752;	50.67512804712747
XXL6060-223;	1100;	1816.7785914970648;	1.1126922291729968;	50.651604242678765
XXL6060-223;	1150;	1928.0719991305082;	1.1117037178228613;	50.62714210857647
XXL6060-223;	1200;	2039.366794209308;	1.1108216219104499;	50.601892503448084
XXL6060-223;	1250;	2150.6627643443653;	1.1100296356981647;	50.57597620400533
XXL6060-223;	1300;	2261.9597386430587;	1.109314622726726;	50.54949012287344
XXL6060-223;	1350;	2373.2575776944464;	1.1086658816470443;	50.52251344662529
XXL6060-223;	1400;	2484.556166967512;	1.1080746068570402;	50.49511098972962
XXL6060-223;	1450;	2595.855411200115;	1.1075334866197546;	50.46733686956452
XXL6060-223;	1500;	2707.155230258511;	1.1070363992455798;	50.43923672709502
XXL6060-223;	1550;	2818.455556962131;	1.106578180204577;	50.4108486866151
XXL6060-223;	1600;	2929.7563344394584;	1.1061544421733194;	50.38220461404587
XXL6060-223;	1650;	3041.057513248749;	1.105761434388783;	50.35333307837445
XXL6060-223;	1700;	3152.3590514982084;	1.1053959308877603;	50.32425764324666
XXL6060-223;	1750;	3263.6609126697194;	1.105055142040774;	50.29499915144679
XXL6060-223;	1800;	3374.9630659479612;	1.1047366429137129;	50.26557422469372
XXL6060-223;	1850;	3486.2654817408848;	1.104438316367102;	50.23600160050587
XXL6060-223;	1900;	3597.568138357115;	1.1041583042117227;	50.20629107402054
XXL6060-223;	1950;	3708.8710136312784;	1.1038949703236811;	50.17645639551699
